1341846313.57304 -0 -0 -0 0 0 0 1
1341846313.59206 0.00826774789 -0.000138706222 0.00182113372 -0.000438392064 -0.000280815425 -0.000961040018 0.999999403
1341846313.6071 0.0122207477 -0.00238316993 -9.25529814e-05 -0.0012255529 -0.00102936617 0.00214901961 0.99999641
1341846313.6542 0.017561305 -0.00414225529 -7.04894039e-06 -0.00216774292 -0.00391532463 0.00469030379 0.999978986
1341846313.68616 0.021529291 -0.00377482746 0.00022747568 -0.000836488802 -0.00567384421 0.0037937054 0.999976358
1341846313.72193 0.0278486689 -0.00212741889 0.00124532275 -0.000841500558 -0.00686837248 0.00429550383 0.999966832
1341846313.75402 0.0330223424 -0.00114125903 0.00486827816 -0.00126906697 -0.00739038687 0.00579613346 0.999955087
1341846313.78998 0.0355972093 -0.000694224988 0.00760009886 -7.17546945e-05 -0.00749736758 0.00430768835 0.999962613
1341846313.82208 0.0402012938 0.0041653707 0.00602579719 0.000501647284 -0.00625815615 0.00203012065 0.999978231
1341846313.85393 0.0352891853 0.0086013417 0.00925030259 0.000825642762 -0.00213317409 0.000941825756 0.99999694
1341846313.89003 0.030616653 0.00587551188 0.0093371805 -3.94608218e-05 0.00115279181 0.000734854401 0.999999065
1341846313.92233 0.0101909684 0.0080840252 0.00498304228 -0.00192201952 0.00581145293 0.00179325515 0.999979658
1341846313.95793 0.00147160863 0.0112708536 0.0130789054 -0.00317504665 0.0128987307 0.00156996747 0.999910535
1341846313.99035 -0.0521218611 0.0146449091 -0.0050245369 -0.00387877675 0.0306304522 0.00342098727 0.999517397
1341846314.02205 -0.0637272862 0.0146291203 0.00193768862 -0.00624799733 0.0344829796 0.00373579432 0.999378772
1341846314.05783 -0.064067027 0.0138417848 0.0190056903 -0.00984415673 0.0379084422 0.0053597925 0.999218352
1341846314.08981 -0.0856472797 0.0160572645 0.0210973819 -0.00878190312 0.0478125894 0.00423621924 0.998808735
1341846314.12204 -0.106911184 0.0140491494 0.0192831684 -0.0109455504 0.0558126119 0.00674061804 0.998358508
1341846314.158 -0.115402181 0.0238019625 0.0268996319 -0.010909629 0.0615809934 0.0054725253 0.998027461
1341846314.19011 -0.129822933 0.0259977503 0.0264262543 -0.0104417793 0.0689377913 0.00638402193 0.997545886
1341846314.22601 -0.128678783 0.0233664747 0.0313850672 -0.0138995751 0.0711970442 0.00798422524 0.997333462
1341846314.25794 -0.116604145 0.0269340355 0.0423817613 -0.0149693022 0.0718679505 0.00816999477 0.997268353
1341846314.29007 -0.120632709 0.0296371292 0.0438063329 -0.0133221093 0.0746675944 0.00606388792 0.997101049
1341846314.326 -0.121645107 0.035543169 0.0466378346 -0.0139129247 0.076685393 0.00381879536 0.996950951
1341846314.35792 -0.0956910273 0.0281983486 0.0439122566 -0.0154051766 0.0771723284 0.00456045535 0.996888316
1341846314.38991 -0.076855849 0.0165268249 0.0316405085 -0.0154664939 0.0771658613 0.00492082733 0.996886153
1341846314.42751 -0.0727998446 0.0227344682 0.0328546389 -0.0149850586 0.0793812013 0.00270971073 0.996728012
1341846314.44261 -0.0614966328 0.0214331834 0.0476185094 -0.0156601768 0.0839166693 -0.000116270741 0.996349707
1341846314.49399 -0.0613169289 0.0184918631 0.0377960071 -0.0140814929 0.0891256458 -0.00484785469 0.995909047
1341846314.52609 -0.0502306142 0.0175628026 0.0284635198 -0.0142913123 0.0903741367 -0.00553563459 0.995789953
1341846314.5583 -0.0355182272 0.0207596668 0.028096854 -0.0148877115 0.0921239973 -0.00392500235 0.995628505
1341846314.59409 -0.0240655543 0.00914757277 0.0249599764 -0.0147848669 0.0957782529 -0.00415776876 0.995284204
1341846314.6261 -0.0231198788 0.0177078697 0.0221083546 -0.0136789945 0.100381264 -0.00371096334 0.994848087
1341846314.65846 -0.0192413643 0.0233122845 0.0219477157 -0.0148231917 0.102709438 -0.00496294977 0.994588565
1341846314.69401 0.00500744513 0.00645937922 0.0197148892 -0.0165943747 0.103697279 -0.00462450224 0.99445971
1341846314.72592 0.00559306744 0.0049259206 0.00912169606 -0.0118527292 0.10620526 0.000538076468 0.994273436
1341846314.76195 0.00542018006 0.00212413472 0.00557077937 -0.0085258402 0.107026951 0.00598909689 0.994201525
1341846314.79404 0.0218137503 0.00797675662 0.00594263425 -0.0045388257 0.108042595 0.00664730345 0.994113681
1341846314.82646 0.0310349833 0.0110183842 0.00360415313 -0.00224723187 0.111549809 0.00664942019 0.993734057
1341846314.86215 0.0407703525 0.0117471895 0.00511888353 -0.00208772273 0.114912695 0.00850307505 0.993337008
1341846314.89409 0.0476701936 0.0164034977 0.0101989846 -0.00164802027 0.118800348 0.00950967653 0.992871254
1341846314.92607 0.0553341264 0.0115926208 0.00259247322 -0.00226542392 0.12082153 0.0140118821 0.992572765
1341846314.96195 0.0529884235 0.0226600365 -0.000128994937 -0.00384126288 0.121891614 0.0183150016 0.992366989
1341846314.99459 0.0615394692 0.0164802045 0.00527504238 -0.00827056538 0.122353265 0.0184353035 0.992280916
1341846315.02991 0.0725275273 0.0168062038 0.0088169725 -0.00841897167 0.125728757 0.014338737 0.9919253
1341846315.06197 0.0793163215 0.0141867147 0.00343481084 -0.00898731337 0.127163054 0.0192073396 0.991655113
1341846315.09441 0.0724728838 0.0104678058 0.0140637653 -0.00925921574 0.127794869 0.018256161 0.991589356
1341846315.12986 0.0842567391 0.0139248434 0.000348125111 -0.00677981038 0.127181936 0.0177407386 0.991697563
1341846315.16197 0.0880596791 0.0374385227 -0.00633819738 -0.00683911107 0.126467383 0.0228682907 0.991683553
1341846315.19799 0.104686752 0.0436407383 -0.0119940183 -0.0126932847 0.122477406 0.0186681043 0.992214527
1341846315.2301 0.112557876 0.0379395609 -0.0067521511 -0.0173630585 0.121317 0.0163541044 0.99232719
1341846315.26207 0.11648826 0.0315591307 -0.0117564018 -0.0213153695 0.1180899 0.0203288183 0.992565952
1341846315.29801 0.122627605 0.0269682886 -0.00825057762 -0.0234856614 0.114182785 0.023093292 0.992913599
1341846315.32994 0.1432613 0.026799885 0.00541316126 -0.0189962958 0.110900015 0.0254283849 0.993324582
1341846315.36201 0.139737561 0.0321926304 0.00479291542 -0.0129379434 0.111254292 0.025343085 0.993384528
1341846315.39797 0.147126801 0.0287114056 0.00772153392 -0.0106559327 0.111124997 0.0296685789 0.993306328
1341846315.42993 0.151822124 0.023050993 0.00357475856 -0.00906643041 0.112619969 0.031697509 0.993091038
1341846315.46605 0.166535272 0.0268036885 -0.000308879442 -0.00768395814 0.115087325 0.0323620547 0.992798349
1341846315.49789 0.156948284 0.0283993563 0.00419669636 -0.00824070752 0.119775374 0.0373997908 0.992062098
1341846315.53001 0.160669707 0.0264192653 -0.00645584716 -0.00826895599 0.120684603 0.0381197034 0.991924261
1341846315.56612 0.163751626 0.0229074697 -0.00606310983 -0.00971022712 0.121977016 0.0402276934 0.99166983
1341846315.59802 0.163898214 0.0279550495 -9.1436048e-05 -0.00906138088 0.123818381 0.037757731 0.991544882
1341846315.63012 0.179366074 0.0245086357 -0.00938725963 -0.00955042339 0.122727615 0.0384609804 0.991648867
1341846315.66605 0.177138358 0.0275054253 -0.0211953804 -0.0102693667 0.124802662 0.0362993925 0.991464165
1341846315.69812 0.181860912 0.0365767867 -0.0200768223 -0.0144090135 0.127981041 0.0341225457 0.991084701
1341846315.73399 0.164680032 0.021318711 -0.00217167668 -0.0183996739 0.133108579 0.034045619 0.990345624
1341846315.76605 0.16296268 0.0246925123 -0.00476561877 -0.0177245418 0.130471869 0.0368417801 0.990608709
1341846315.79822 0.165183586 0.0177363421 -0.0071725004 -0.0197992363 0.12954262 0.0351289681 0.99075358
1341846315.83415 0.164147605 0.0134865983 -0.00634756738 -0.0193177223 0.131917845 0.0340259094 0.990488135
1341846315.86747 0.154522228 0.00905743296 -0.00997074098 -0.0172193914 0.134531359 0.0330466258 0.990208426
1341846315.89901 0.150743737 0.00710491896 -0.00676684326 -0.0164219661 0.135130689 0.0325977012 0.990155243
1341846315.9374 0.147904663 0.00312889745 -0.00304226889 -0.013668931 0.137191171 0.029779387 0.99000249
1341846315.96731 0.138515142 0.00275123865 -0.00816768508 -0.0105494901 0.139173037 0.0299134146 0.989759951
1341846315.98509 0.130564388 0.00353904013 -0.00582106919 -0.00857720133 0.139613742 0.0282228063 0.989766593
1341846316.03591 0.130286138 0.00917198174 0.000263894714 -0.0057626709 0.139038084 0.0295681245 0.989828737
1341846316.06647 0.126130628 0.00514597927 0.00170527483 -0.00381939107 0.138865691 0.0281680603 0.989903173
1341846316.10187 0.109906245 0.0117427257 -0.00199977849 -0.00184167083 0.138796932 0.0303654979 0.989853503
1341846316.13407 0.113438056 0.0150453773 -0.00995124692 -0.00270549278 0.133945773 0.0291595124 0.990555871
1341846316.18601 0.106800845 0.0121317968 -0.00871778046 -0.00244030143 0.13222361 0.0267147696 0.990856843
1341846316.20205 0.0964542641 -0.00044814682 0.00709248284 -0.00378156508 0.130681364 0.0241402197 0.991123267
1341846316.23399 0.0970637859 0.0029503691 0.00215579725 -0.00318368969 0.128760943 0.0225931094 0.991413151
1341846316.27007 0.0847644358 -0.00272541163 -0.00455392081 -0.00542356995 0.130680162 0.0176425459 0.991252753
1341846316.30193 0.0797027244 -0.00752343704 -0.00241629243 -0.0051590043 0.131860146 0.0168105413 0.991112351
1341846316.33423 0.0679319302 -0.00877400012 0.00209617198 -0.00364601421 0.131765273 0.0176851377 0.991116469
1341846316.37001 0.0613544237 -0.00878910937 0.000947856857 -0.00145575232 0.130619079 0.0182441355 0.991263683
1341846316.40201 0.0574794974 -0.00801862932 -0.00144294278 0.000438063209 0.129393573 0.0207103237 0.991376918
1341846316.43808 0.0475707606 -0.0124698813 0.00216322886 0.00238312268 0.129875012 0.022709919 0.991267402
1341846316.47008 0.0421811385 -0.0167088275 0.0066384723 0.0066266656 0.129200433 0.0242743045 0.991299195
1341846316.50204 0.027500747 -0.00533014405 -0.011289293 0.00956741996 0.127121539 0.0258248376 0.991504744
1341846316.53798 0.0186082213 -0.00554415893 -0.0144063635 0.00671722271 0.124380106 0.0242661334 0.991915129
1341846316.57013 0.0113074114 -0.0185084738 -0.00818802954 0.00508075816 0.124520143 0.0207730364 0.991986593
1341846316.60189 0.00306103454 -0.0157788431 -0.00445212757 0.0078777944 0.124407932 0.0191300612 0.992015447
1341846316.63802 -0.00972733857 -0.0206957329 -0.00360329262 0.00966827578 0.123834289 0.0203254935 0.992047614
1341846316.66995 -0.0155624515 -0.0263479445 0.00058969971 0.0114639171 0.123160792 0.019563422 0.992127648
1341846316.70597 -0.0205553732 -0.033567809 -0.0106482894 0.0151391647 0.122623965 0.0207705604 0.992120332
1341846316.73807 -0.0324336703 -0.0202632569 -0.00928253354 0.0189127865 0.122628681 0.0230558822 0.992004506
1341846316.77046 -0.0426376581 -0.0139432689 -0.00903195957 0.0187617939 0.122414434 0.0235676848 0.992021807
1341846316.80594 -0.0430359988 -0.0255452252 -0.00374866387 0.0181374022 0.121644066 0.0228422222 0.992145145
1341846316.83804 -0.0579940655 -0.0166855495 0.00772409152 0.0207775269 0.121148899 0.023818241 0.992131004
1341846316.87005 -0.0684477393 -0.0211312402 0.0141782263 0.0207468634 0.118138072 0.0247852909 0.992470983
1341846316.90635 -0.0728710442 -0.0257260758 -0.00734633796 0.0211965687 0.1143284 0.0251191886 0.992899163
1341846316.93801 -0.0830088508 -0.0200196209 -0.00414345009 0.0215080401 0.113766473 0.0212441797 0.99304747
1341846316.974 -0.0883703663 -0.0164232121 0.000627526179 0.0211876523 0.111569595 0.0211028217 0.993306589
1341846317.00592 -0.0955353776 -0.0227096421 0.00612850015 0.0192727731 0.108899153 0.0222151513 0.993617644
1341846317.03794 -0.103490429 -0.0304507271 0.00843155609 0.018888482 0.106654948 0.0217467634 0.993878778
1341846317.07398 -0.112242722 -0.0229018136 0.0145848614 0.0212991616 0.105525674 0.0219562175 0.993945976
1341846317.10613 -0.118059744 -0.0310567539 0.0221358029 0.0230106178 0.103641082 0.026101889 0.9940059
1341846317.13791 -0.116715696 -0.0149997185 0.0305353288 0.0288323232 0.0960420404 0.0305542672 0.994490352
1341846317.17397 -0.133383123 -0.020661206 0.0159206966 0.028675759 0.0899251866 0.0317716491 0.995028504
1341846317.20589 -0.135658425 -0.0227037679 0.0112452126 0.0285188079 0.0865259694 0.0325739818 0.99530843
1341846317.24505 -0.159128251 -0.0264536602 0.0325595486 0.0292380722 0.0862977978 0.0327990973 0.995299977
1341846317.25796 -0.175398436 -0.0256865837 0.0313764127 0.0304299184 0.0834714328 0.0337924383 0.995472054
1341846317.3063 -0.183402154 -0.0312150003 0.0202308379 0.0299325349 0.0818299457 0.034992953 0.995581939
1341846317.34815 -0.184791753 -0.0358787269 0.0176563821 0.030723795 0.0824222553 0.0361001 0.995469439
1341846317.36107 -0.20472624 -0.0320233169 0.0165176003 0.0325680033 0.0846252356 0.0384878786 0.995136462
1341846317.41013 -0.195515358 -0.0280735332 0.029185708 0.033596972 0.0817496139 0.0428509709 0.995164327
1341846317.44258 -0.20433516 -0.0418833128 0.0240034306 0.034864817 0.0820758477 0.0443776916 0.995026944
1341846317.47402 -0.212578379 -0.0444429106 0.0220309754 0.0406353192 0.0824731755 0.0479611719 0.994608804
1341846317.50995 -0.229542499 -0.031049508 0.0241912603 0.0446414505 0.081501696 0.0493108799 0.994451131
1341846317.54229 -0.237201086 -0.0267343236 0.0203297573 0.0443802568 0.0786580781 0.0504311096 0.994635613
1341846317.57395 -0.239324907 -0.0324982027 0.0288388972 0.0435185638 0.0795943353 0.0487466607 0.994683185
1341846317.61017 -0.246854588 -0.036009363 0.0313005997 0.0460358464 0.081620766 0.0490684006 0.994389784
1341846317.64356 -0.256636282 -0.0266924081 0.042175801 0.0498250569 0.080993731 0.0534780198 0.994030976
1341846317.678 -0.256064732 -0.0296780573 0.0472829674 0.0503308153 0.0764911546 0.0554756534 0.994252666
1341846317.71 -0.257097525 -0.0300652971 0.0440774374 0.0531349602 0.0732302445 0.0556760319 0.994341082
1341846317.74187 -0.259189467 -0.0234072717 0.0382946486 0.0537764865 0.0712179707 0.0572275424 0.994364671
1341846317.77793 -0.257068712 -0.0253549988 0.0383920708 0.0515987204 0.0684374169 0.0567666753 0.994701682
1341846317.81004 -0.279203091 -0.0333532312 0.0400722451 0.0502853616 0.0689647562 0.0541465113 0.994878586
1341846317.84218 -0.290565352 -0.026730716 0.0463407449 0.0500765157 0.0686641007 0.0523113065 0.995008096
1341846317.87808 -0.302005021 -0.0267478416 0.0462711419 0.04714076 0.0690619846 0.0474784611 0.995366258
1341846317.90992 -0.309940106 -0.0334521081 0.0433424825 0.0454965459 0.0706620126 0.0433372796 0.995519374
1341846317.94604 -0.318664235 -0.0364213324 0.047411115 0.0467792748 0.0716312888 0.0454953346 0.995294345
1341846317.97805 -0.329445912 -0.040087014 0.0457199934 0.048548223 0.0703591578 0.0455572337 0.995297542
1341846318.00991 -0.334137601 -0.0380617768 0.0440054951 0.0509548311 0.0705599851 0.0431183304 0.995271673
1341846318.04596 -0.341676141 -0.0320622945 0.0424397065 0.0517276622 0.0713249794 0.0419525784 0.995227098
1341846318.0781 -0.357345286 -0.0357712435 0.0414630663 0.0502895962 0.0706905568 0.0401796567 0.995419207
1341846318.1099 -0.369432743 -0.0368733552 0.0414790256 0.0499364352 0.0670905361 0.0385008255 0.995752428
1341846318.14596 -0.375734461 -0.0397359419 0.0324745358 0.0481981357 0.0648128396 0.034348452 0.996140763
1341846318.17804 -0.375347875 -0.0424884766 0.0412855371 0.0474282494 0.0642805295 0.0325009234 0.996274192
1341846318.21408 -0.387970568 -0.0389506339 0.0611003238 0.0488892943 0.0634926299 0.0316113198 0.996282715
1341846318.24603 -0.40491004 -0.0431574942 0.0723391765 0.0517987515 0.0599769925 0.0320251754 0.996340322
1341846318.27811 -0.406691019 -0.0398149067 0.0747671824 0.0562787911 0.054291589 0.0326872606 0.996401859
1341846318.31395 -0.416991688 -0.0358950342 0.073200803 0.0587209726 0.0480304311 0.0328831105 0.996575951
1341846318.346 -0.411294572 -0.0386040429 0.0734415557 0.0596133936 0.0370610618 0.0317163965 0.997028982
1341846318.38205 -0.422235617 -0.038912275 0.0833510279 0.0618476954 0.0307259281 0.0310122054 0.997130394
1341846318.4141 -0.433140638 -0.0421946767 0.0787957466 0.0633807923 0.0246432284 0.0323469499 0.9971606
1341846318.44604 -0.451150765 -0.049221275 0.0643378129 0.0642360679 0.0190755177 0.0304112858 0.997288828
1341846318.48246 -0.463373405 -0.0449362653 0.068265884 0.0656904056 0.0176001618 0.0290247257 0.997262538
1341846318.51416 -0.469070405 -0.0392841685 0.0730618286 0.0669181765 0.0163707625 0.0313310787 0.997132047
1341846318.54627 -0.475510771 -0.0512491754 0.0683921252 0.0670715425 0.015042376 0.0303251585 0.997173766
1341846318.58208 -0.48220954 -0.0404600372 0.0691471087 0.0695555793 0.0150958975 0.0298446975 0.997017266
1341846318.61412 -0.503763786 -0.0424354224 0.0598083428 0.0686053265 0.0158706074 0.02807811 0.997122386
1341846318.65004 -0.511221911 -0.0444104436 0.0562938778 0.0678334173 0.0153364018 0.0253500234 0.997256636
1341846318.68236 -0.53578107 -0.0423055652 0.0502123925 0.0672430416 0.0162111112 0.0222792496 0.997356109
1341846318.71411 -0.544679289 -0.0488572825 0.0364096345 0.066202204 0.0148395074 0.0226733838 0.997438206
1341846318.74992 -0.542728314 -0.0485065156 0.0423089803 0.0675813864 0.0139129787 0.0242990598 0.997320781
1341846318.78205 -0.559349708 -0.0486089287 0.0375871846 0.0693112518 0.0137748502 0.0266475877 0.997143977
1341846318.81413 -0.581207123 -0.0480529953 0.0428931847 0.0692587769 0.0100078093 0.0242490843 0.997253753
1341846318.85008 -0.585168847 -0.053707669 0.0249289805 0.0688944902 0.00298927159 0.021505932 0.997387642
1341846318.88405 -0.612888013 -0.0583519946 0.0412434623 0.0714362391 -0.00202739712 0.0197660839 0.997247239
1341846318.91805 -0.630313546 -0.0524395589 0.0406290065 0.0750513265 -0.0149228048 0.0181327665 0.99690311
1341846318.95005 -0.638874567 -0.0520562746 0.0305652235 0.0767514236 -0.022883462 0.0139961786 0.996689356
1341846318.98204 -0.644672576 -0.0569999339 0.0154963522 0.0773971719 -0.0269176664 0.0121924701 0.996562322
1341846319.01842 -0.650462262 -0.0648436323 0.0205111588 0.0761538436 -0.0332809877 0.0137046332 0.996446261
1341846319.05076 -0.663893062 -0.0667603245 0.0415857532 0.0783517978 -0.0386251104 0.00997786544 0.99612727
1341846319.08192 -0.687564154 -0.0545933556 0.000480822599 0.0843264361 -0.0370232309 0.00695988168 0.995725812
1341846319.11799 -0.709615096 -0.0477772363 -0.0150842255 0.0874208698 -0.0353354355 0.012160522 0.995470301
1341846319.1501 -0.718926987 -0.0532128145 -0.0210708274 0.0894885517 -0.0399146936 0.0188490453 0.995009211
1341846319.18609 -0.718573263 -0.0385274764 -0.0258384789 0.0915114671 -0.040836299 0.0196344335 0.994772606
1341846319.21816 -0.709402757 -0.0259574028 -0.0326368092 0.0887482002 -0.0366083972 0.0179113032 0.995219959
1341846319.25005 -0.721331649 -0.0266881662 -0.00732718769 0.0829861434 -0.0307323634 0.0181832785 0.995910734
1341846319.28661 -0.746947528 -0.0268044927 0.00799574874 0.0818610066 -0.0266214901 0.0201691747 0.99608397
1341846319.31806 -0.778602645 -0.0342649454 0.0325852615 0.0831242367 -0.0249843513 0.0225894769 0.995969808
1341846319.35027 -0.808041747 -0.0435108379 0.057546421 0.0833124946 -0.0243828605 0.0305169113 0.995757612
1341846319.38617 -0.792361603 -0.0394843868 0.041641622 0.0846215921 -0.0305751405 0.0408632092 0.995105293
1341846319.41844 -0.793553813 -0.0347398312 0.0354002394 0.0861906891 -0.0361531976 0.0397776763 0.994827547
1341846319.45397 -0.793536698 -0.0340296165 0.034525215 0.0861683406 -0.0385407023 0.0372924864 0.994836118
1341846319.4867 -0.809017951 -0.0351167916 0.0301237875 0.0849287272 -0.0381776823 0.0373466488 0.994954674
1341846319.50279 -0.817104807 -0.0369778754 0.0148293903 0.0810317359 -0.0425325504 0.0398273928 0.995006844
1341846319.55409 -0.825073353 -0.0395758412 0.0313665703 0.0790181121 -0.0441699039 0.0362744781 0.995233299
1341846319.58665 -0.834373575 -0.0398237222 0.0390058699 0.079219231 -0.0440838713 0.0332342693 0.995327287
1341846319.62205 -0.846780573 -0.0431476619 0.00626711194 0.0765114186 -0.0471859231 0.0313101447 0.995459274
1341846319.65397 -0.85582482 -0.0482986335 0.017449445 0.0758797873 -0.0518937097 0.0295356407 0.995327557
1341846319.68636 -0.864011522 -0.0465736203 0.0383804046 0.078095051 -0.0559205179 0.031655324 0.994872856
1341846319.722 -0.871370199 -0.0421246635 0.0222141981 0.078784233 -0.059998537 0.0324381931 0.994555672
1341846319.75407 -0.883000749 -0.0356657363 -0.0188127488 0.0752470479 -0.060862765 0.0316996943 0.994800852
1341846319.7864 -0.885725191 -0.0351617336 0.0122731695 0.0715737761 -0.0613615449 0.0340980071 0.99496195
1341846319.82202 -0.892775934 -0.0347425565 0.0022977638 0.0679225899 -0.0621841921 0.0400366839 0.994945582
1341846319.85393 -0.90009165 -0.0339637337 -0.0053571235 0.0632859193 -0.0626791405 0.0437718032 0.995062936
1341846319.88995 -0.902463151 -0.0445441063 0.0153018415 0.0599382553 -0.0639367797 0.0489605292 0.994948421
1341846319.92205 -0.902088501 -0.0500052652 0.0193956652 0.0592134453 -0.0694293912 0.051686828 0.994485696
1341846319.95395 -0.906169225 -0.0471704883 0.0130301867 0.0602006574 -0.0748018322 0.0464407679 0.994295641
1341846319.99007 -0.909970619 -0.0431039733 0.0163770779 0.0629790637 -0.077483631 0.0383188521 0.994264346
1341846320.02816 -0.91118622 -0.0471596687 0.0365299572 0.0649803584 -0.0814930715 0.0375942454 0.993842596
1341846320.04119 -0.907532675 -0.0453855833 0.0304218089 0.068307976 -0.087558661 0.0373950794 0.993110824
1341846320.09005 -0.899657725 -0.0338875269 0.0375337721 0.0713446321 -0.0891826665 0.0373677917 0.992753768
1341846320.12202 -0.888237863 -0.0286762572 0.042178283 0.0725471358 -0.0875275185 0.0379403471 0.992792212
1341846320.15796 -0.883135687 -0.0301587724 0.0479563068 0.072915189 -0.0847645846 0.038445247 0.99298555
1341846320.19007 -0.86641666 -0.0394206093 0.0438360924 0.0750508714 -0.0818908109 0.0367260418 0.99313265
1341846320.22197 -0.862296602 -0.040394392 0.0489838179 0.0792425066 -0.0784414126 0.0380901795 0.993034092
1341846320.25802 -0.85457655 -0.0451717177 0.048023682 0.0832368396 -0.0775870306 0.0403512043 0.992685077
1341846320.2899 -0.842677712 -0.0584379387 0.0534541444 0.0880438312 -0.0790500678 0.0406118369 0.992144168
1341846320.32196 -0.832213937 -0.0528962704 0.0479811862 0.0977410332 -0.0801327119 0.0397495557 0.991183844
1341846320.35792 -0.817786476 -0.0404298192 0.0489838866 0.103886981 -0.0798885607 0.0403049212 0.990555817
1341846320.39007 -0.800254023 -0.0425877269 0.0347258047 0.105024491 -0.0762352895 0.0409727455 0.990696357
1341846320.42656 -0.780589208 -0.0348172898 0.0625290563 0.109262631 -0.0690459612 0.0348692522 0.990998723
1341846320.45813 -0.770325543 -0.0407936346 0.0650130197 0.109493232 -0.0619991297 0.03351103 0.991485931
1341846320.49019 -0.755422273 -0.0429451153 0.0272920475 0.113305759 -0.0538995928 0.0304240846 0.991630483
1341846320.52592 -0.743043216 -0.0424763161 0.0219946631 0.116404748 -0.0468539473 0.0304323169 0.991629223
1341846320.55814 -0.73418242 -0.0425667978 0.0174662575 0.11706597 -0.0427201485 0.0272473124 0.991830697
1341846320.5941 -0.71880387 -0.0415582976 0.0556185106 0.119441673 -0.037794146 0.0216497198 0.991885366
1341846320.63196 -0.714446339 -0.0443269886 0.0603193112 0.121166718 -0.0305641399 0.023069054 0.99189328
1341846320.66493 -0.701260348 -0.0467727587 0.0258416086 0.120494522 -0.0276789123 0.0209147322 0.992107616
1341846320.69993 -0.682854345 -0.0491938841 0.0393411959 0.120521926 -0.0249119172 0.0195714626 0.992205029
1341846320.73183 -0.665470163 -0.046020945 0.0251093825 0.123008295 -0.0183250935 0.0177697366 0.992077309
1341846320.76388 -0.654408413 -0.0407841893 -0.0494164549 0.118398968 -0.0165046513 0.019345773 0.992640429
1341846320.80001 -0.624135346 -0.0463006412 -0.0221060876 0.111567905 -0.0197150451 0.0162518506 0.993428305
1341846320.83188 -0.596984179 -0.0505538003 -0.0490013603 0.114246503 -0.00788619232 0.01080816 0.993362335
1341846320.86423 -0.580829984 -0.0495692375 -0.00160292779 0.110782069 -0.00167707134 0.0151665722 0.993727576
1341846320.90063 -0.567492206 -0.0630665052 0.0217608526 0.103792487 -0.00798645265 0.0199044238 0.994367714
1341846320.9319 -0.53305529 -0.0526814889 0.0385727796 0.107441752 -0.00830181935 0.0159056614 0.994049475
1341846320.96787 -0.519585943 -0.0345680854 0.0362493107 0.106723213 -0.00409495121 0.0153154612 0.994162373
1341846321.00002 -0.527893357 -0.0443778476 0.0388114355 0.100007772 -0.00253484261 0.0129840478 0.994898706
1341846321.03219 -0.51238293 -0.0516187794 0.0363886298 0.0977637074 -0.00194125784 0.0100275603 0.995157242
1341846321.06808 -0.503986802 -0.0445771588 0.0280295301 0.0985134789 0.00136962313 0.0077618533 0.995104503
1341846321.09985 -0.502094939 -0.0467113328 0.0354194413 0.095856654 0.00316013191 0.00881470603 0.995351102
1341846321.13183 -0.481810801 -0.0587761434 0.0252877237 0.095842324 0.00424073084 0.0108257584 0.995328623
1341846321.16789 -0.463896803 -0.050940483 0.0396151034 0.0992947144 0.00713857162 0.0115177107 0.9949658
1341846321.20005 -0.465866261 -0.0492953073 0.038134577 0.0993093548 0.0102241385 0.0105866257 0.994947759
1341846321.23197 -0.458331638 -0.0567852054 0.0317408589 0.0981692661 0.0114278807 0.00896338925 0.995063745
1341846321.26795 -0.427783587 -0.0491242167 0.0350607528 0.0991410203 0.0118741752 0.00486784481 0.994990636
1341846321.30028 -0.408489196 -0.0534053344 0.0485758494 0.0971707753 0.0154514217 -0.00100625845 0.995147266
1341846321.33187 -0.42193054 -0.0602423688 0.0235250675 0.0967309465 0.0196399429 -0.00572600204 0.995100301
1341846321.36792 -0.388664411 -0.0628493588 0.0363102347 0.0982183772 0.0207206995 -0.00939355878 0.994904802
1341846321.39991 -0.378655034 -0.0575012391 0.0449815681 0.10058664 0.0255629417 -0.0098969182 0.994550609
1341846321.436 -0.374788084 -0.0653378628 0.042917013 0.101512274 0.0289084435 -0.00952762508 0.994368536
1341846321.46795 -0.367451475 -0.0667095487 0.0384626302 0.103215989 0.0314802581 -0.00834938944 0.994125616
1341846321.4999 -0.352534545 -0.0604074128 0.0464842273 0.105617865 0.0343559606 -0.00819966499 0.993779301
1341846321.53612 -0.320332963 -0.0562812177 0.0317814174 0.10492895 0.0377968906 -0.0105415184 0.993705282
1341846321.5694 -0.340035731 -0.0486231663 0.0425343183 0.101996044 0.0462500319 -0.0135248596 0.993617039
1341846321.60394 -0.328615777 -0.0539094918 0.0517723926 0.0983824658 0.0486508099 -0.0139661324 0.993860622
1341846321.6378 -0.286439234 -0.0443867833 0.0232583996 0.0964941712 0.0510089078 -0.013852784 0.993929105
1341846321.66831 -0.29925901 -0.0437042575 0.0551072338 0.0922794176 0.0614657679 -0.0099073158 0.993784843
1341846321.70442 -0.317537829 -0.0468175274 0.0620143466 0.0896098097 0.0643082508 -0.000577669077 0.993898484
1341846321.73687 -0.306532 -0.0461544769 0.0648519687 0.0885454572 0.0614790761 0.00676242522 0.994150036
1341846321.77189 -0.286586364 -0.0281985312 0.0597138561 0.087209808 0.0600711272 0.0114969237 0.994310681
1341846321.80413 -0.283209322 -0.0336904708 0.0666320138 0.0826347704 0.0630916139 0.0139627564 0.994482772
1341846321.83616 -0.28345979 -0.029369265 0.0673960813 0.0795568927 0.0658477867 0.0141368121 0.994552623
1341846321.87189 -0.281809122 -0.0250973669 0.0677259617 0.0737262435 0.0673086522 0.0111189325 0.994942388
1341846321.90409 -0.272591359 -0.024588517 0.0693325122 0.0674793473 0.0686338965 0.00823677043 0.995323104
1341846321.93985 -0.273666379 -0.0327757095 0.0750956178 0.0626019264 0.0724611725 0.00537209529 0.995390134
1341846322.00412 -0.282120007 -0.0333707415 0.0840643446 0.0561112177 0.0711597959 0.00483176529 0.995873721
1341846322.01918 -0.261547316 -0.0384383174 0.0793100846 0.0539774853 0.0709123051 0.00503805014 0.99600828
1341846322.06627 -0.261127451 -0.0377295931 0.0794421355 0.0513801347 0.0750189394 0.00278723631 0.99585364
1341846322.108 -0.264784969 -0.052509865 0.0828591185 0.0486710522 0.0774730024 0.00142287703 0.995804719
1341846322.121 -0.261734497 -0.0720858233 0.0773148341 0.0492261737 0.0775928541 -3.14026351e-05 0.995769116
1341846322.16619 -0.252360529 -0.0730109611 0.0960941115 0.0518423874 0.0753867743 0.00260945001 0.995802386
1341846322.20294 -0.260292394 -0.0820356851 0.0819178033 0.0526555544 0.0741109606 0.00163334059 0.995857565
1341846322.23448 -0.260040045 -0.0841008234 0.0803023368 0.0515701669 0.0725636472 -0.000643057409 0.996029428
1341846322.26595 -0.259375508 -0.0940055995 0.0805486652 0.0489244399 0.0696080635 0.000569763605 0.996373821
1341846322.30201 -0.25222034 -0.106724797 0.0807408457 0.0471518991 0.0675018303 0.00140828386 0.99660334
1341846322.33396 -0.26230854 -0.120050021 0.0768036106 0.0463742519 0.0660058304 0.00123169475 0.996740258
1341846322.36989 -0.252560528 -0.136064203 0.0786495333 0.0466719526 0.0602886154 -0.00310867544 0.997084424
1341846322.40231 -0.241430031 -0.150770972 0.0750803874 0.0481575992 0.0614057012 -0.010590256 0.996894193
1341846322.43397 -0.258320955 -0.170703486 0.0843843917 0.0523662194 0.0642136605 -0.0147856976 0.996451588
1341846322.47005 -0.252610608 -0.18475092 0.0795568018 0.0602953398 0.0589063326 -0.00995145117 0.996391231
1341846322.50246 -0.242449096 -0.200343258 0.0779319707 0.0659540749 0.0550290072 -0.0074396076 0.996276327
1341846322.53401 -0.239365232 -0.209530429 0.0826107742 0.0758161821 0.0548756809 -0.00740616055 0.995583103
1341846322.57044 -0.237061584 -0.232945596 0.0753346691 0.0841748526 0.0541541302 -0.00394618868 0.994970528
1341846322.60193 -0.250236917 -0.247866447 0.0734916235 0.0895163497 0.0523267502 -0.000568324446 0.994609678
1341846322.63812 -0.227062203 -0.253591465 0.0801296147 0.095799978 0.0470160967 -0.000673883137 0.994289393
1341846322.66995 -0.216874403 -0.261220057 0.0743954811 0.0999909587 0.0498274043 -0.00109121255 0.993739326
1341846322.70204 -0.231078571 -0.277184827 0.0728108761 0.102571261 0.0524713772 0.000359453219 0.993340708
1341846322.73801 -0.228764191 -0.273519379 0.0786008622 0.104598177 0.0496663521 0.00111858623 0.993272985
1341846322.77009 -0.215243213 -0.293921453 0.0822591824 0.104641256 0.049526787 0.00190176431 0.993274226
1341846322.80605 -0.228506679 -0.305938664 0.0815349317 0.107776891 0.0501927688 0.00341102597 0.992901401
1341846322.83807 -0.238775463 -0.312387851 0.0861552862 0.11013841 0.0466400628 0.00500313499 0.992808745
1341846322.87009 -0.223120496 -0.328422905 0.0851803694 0.111604718 0.0402478887 0.00549740805 0.992922088
1341846322.90603 -0.211538067 -0.330613585 0.0889819891 0.117357797 0.038098358 0.00543723573 0.99234374
1341846322.93835 -0.213903397 -0.31971488 0.0899622203 0.117982375 0.039358919 0.00793103037 0.992203675
1341846322.97007 -0.212348256 -0.329431279 0.0937969207 0.112771459 0.0388544224 0.00923216522 0.992818059
1341846323.01183 -0.204451444 -0.349097763 0.0918733403 0.109355278 0.0388033806 0.010181559 0.99319286
1341846323.02495 -0.205176985 -0.348095294 0.0974144193 0.109615101 0.0389073194 0.0137309332 0.993117421
1341846323.07396 -0.206303054 -0.344821423 0.0977091113 0.107224745 0.0386494106 0.0151220385 0.99336821
1341846323.10597 -0.2037201 -0.360641834 0.101383536 0.104371839 0.0384501336 0.0147987963 0.993684609
1341846323.13817 -0.205565138 -0.365564501 0.101070364 0.104515796 0.0388670412 0.0110349514 0.993702184
1341846323.17411 -0.208746674 -0.36627031 0.101448252 0.102411789 0.0386466314 0.00921813603 0.993948333
1341846323.20606 -0.202546934 -0.376638638 0.099815551 0.0989443719 0.0379311797 0.00697291611 0.99434532
1341846323.23807 -0.198530206 -0.38208102 0.0963595811 0.0956770298 0.0409845822 0.0061094284 0.994549569
1341846323.274 -0.217210666 -0.374791833 0.097675405 0.0929395181 0.0422696894 0.00636817953 0.994753721
1341846323.30595 -0.210036623 -0.387584772 0.0977747629 0.0869319297 0.0377168916 0.00743200976 0.99547227
1341846323.34203 -0.187517914 -0.405783162 0.0965910178 0.0844397946 0.0384163402 0.0066796619 0.995665349
1341846323.37406 -0.206860555 -0.410089803 0.102663482 0.085279569 0.0429256925 0.00861820057 0.995394649
1341846323.40599 -0.225684357 -0.427311175 0.0958107183 0.0847342621 0.0400294712 0.0114922783 0.995532859
1341846323.44196 -0.201559069 -0.427220872 0.104836678 0.0868178495 0.0338401491 0.0151256488 0.995534389
1341846323.47394 -0.207848344 -0.436078865 0.0990165076 0.091768183 0.036420895 0.0114369339 0.995048399
1341846323.50614 -0.207433939 -0.435102638 0.0994703374 0.0935874652 0.0359574459 0.0105744016 0.994905337
1341846323.54198 -0.201821939 -0.444181577 0.104390083 0.0910256551 0.035642797 0.00866002544 0.995172812
1341846323.57392 -0.179158649 -0.461868787 0.0957337231 0.0902251564 0.0388975832 0.00262393724 0.995158035
1341846323.60994 -0.195263219 -0.461424319 0.102938573 0.0907696847 0.046096158 2.95684919e-05 0.994804507
1341846323.64202 -0.203494066 -0.46845891 0.105879568 0.090005099 0.0476531324 0.000575660682 0.994800447
1341846323.67409 -0.203772853 -0.479263469 0.103721253 0.089900771 0.0456838473 0.00331014006 0.99489692
1341846323.71008 -0.200682175 -0.500845635 0.0961181302 0.0910044927 0.044304114 0.00722717406 0.994838226
1341846323.74212 -0.203588798 -0.512310304 0.0983531351 0.0954673363 0.0425555096 0.00752480332 0.994494039
1341846323.77501 -0.206052115 -0.506926855 0.096814883 0.0993551688 0.0404461126 0.00369858874 0.994222803
1341846323.81002 -0.206995282 -0.512607885 0.0984540807 0.100905964 0.0395835162 -0.000564121686 0.994108049
1341846323.84222 -0.201460638 -0.518975416 0.0915347141 0.101349559 0.0393356128 -0.00471815807 0.994061726
1341846323.87803 -0.210274575 -0.531353718 0.0921054764 0.101797617 0.038843383 -0.00898448004 0.994005893
1341846323.90989 -0.204476492 -0.546832732 0.0907886565 0.10452803 0.0368185886 -0.012673163 0.993759364
1341846323.94247 -0.2087597 -0.544467583 0.0957299801 0.108600461 0.0369285863 -0.0129034451 0.993315519
1341846323.97813 -0.214510242 -0.551525486 0.0963770942 0.110728036 0.0340084076 -0.0116182355 0.993200759
1341846324.01597 -0.204934647 -0.555411621 0.0887807159 0.114487935 0.0316081195 -0.0111977319 0.992858525
1341846324.04773 -0.205589517 -0.544763999 0.0837313471 0.118508942 0.0334653911 -0.0130185327 0.99230349
1341846324.08391 -0.206427847 -0.5307037 0.0850946455 0.118639349 0.0348787228 -0.0133532746 0.992234786
1341846324.11597 -0.204653784 -0.529413332 0.0933240854 0.116444018 0.0365880643 -0.0155531987 0.99240123
1341846324.15197 -0.198435666 -0.523630029 0.0929125005 0.115811149 0.0389387027 -0.0191840192 0.992322291
1341846324.18395 -0.205134077 -0.51261846 0.0913433495 0.113019601 0.0439282991 -0.023304924 0.992347598
1341846324.22 -0.208911733 -0.503857629 0.093486905 0.109129685 0.0457380526 -0.0224950598 0.992719857
1341846324.25197 -0.210084264 -0.501524434 0.0943716706 0.108695382 0.0457598988 -0.0221027201 0.99277531
1341846324.28407 -0.216998392 -0.488948105 0.102105013 0.109422233 0.0455383178 -0.0235779598 0.992671706
1341846324.31989 -0.221543988 -0.474272395 0.0967004538 0.108267092 0.0421356717 -0.0239931518 0.992938644
1341846324.35193 -0.212907474 -0.46280655 0.0991395765 0.104424456 0.0381841301 -0.0245735868 0.993495669
1341846324.38802 -0.203451582 -0.452203816 0.0940030651 0.0999169186 0.0379712779 -0.0287402706 0.993855517
1341846324.41992 -0.210941432 -0.437850339 0.0976455334 0.0949069727 0.0406583459 -0.0308618954 0.994176598
1341846324.45216 -0.216106939 -0.437483123 0.105644734 0.0900409514 0.0412847157 -0.0307937727 0.994605421
1341846324.48793 -0.218172418 -0.433926052 0.108043104 0.0883225607 0.0408697071 -0.0285516423 0.994843503
1341846324.51999 -0.224465484 -0.418668251 0.110925894 0.0876473678 0.038722192 -0.0240818425 0.995107329
1341846324.55601 -0.224672675 -0.404964502 0.107955189 0.0859993046 0.0336025667 -0.0201253109 0.995524967
1341846324.58789 -0.220327729 -0.39035574 0.109188067 0.0831525602 0.0306027784 -0.0181930008 0.995900666
1341846324.62009 -0.221122562 -0.383914742 0.106729212 0.0808143525 0.028098663 -0.0209163613 0.996113453
1341846324.65596 -0.215945907 -0.369938271 0.108749885 0.0797205954 0.0268376365 -0.0215792118 0.996222217
1341846324.6881 -0.217826606 -0.366260068 0.110806481 0.0792229827 0.0270100447 -0.0209497789 0.996270688
1341846324.75594 -0.232344184 -0.325545514 0.116660966 0.0815242933 0.024409222 -0.017402374 0.996220426
1341846324.76899 -0.229882483 -0.312182234 0.111373529 0.0794350782 0.0193040364 -0.019159914 0.996468926
1341846324.81402 -0.212421024 -0.283643993 0.101729954 0.076701671 0.0177600069 -0.0193128202 0.996708809
1341846324.84999 -0.225504533 -0.275896472 0.113896172 0.0709460652 0.021870732 -0.0224756937 0.996987046
1341846324.88194 -0.232066582 -0.273902398 0.118258829 0.067522795 0.0207833513 -0.0218111256 0.997262753
1341846324.91392 -0.228913816 -0.259205085 0.111260987 0.0670527863 0.0193716655 -0.0188997783 0.997382304
1341846324.95001 -0.229349622 -0.263542272 0.116060498 0.0671911037 0.0191249483 -0.015785223 0.997431912
1341846324.98195 -0.240546735 -0.255154492 0.120821802 0.0721179351 0.0170237342 -0.0127929387 0.99716876
1341846325.01802 -0.240950901 -0.244267042 0.116116733 0.0762777963 0.0116705251 -0.0104951125 0.996963063
1341846325.05009 -0.243633262 -0.229043717 0.112114226 0.0782209697 0.00652170785 -0.0122321458 0.996839667
1341846325.08191 -0.24195768 -0.211027456 0.108403752 0.0776030472 0.00131567702 -0.0137516177 0.996888624
1341846325.11896 -0.228627013 -0.195023545 0.102325529 0.0734227601 -0.000822944148 -0.0147656029 0.997191254
1341846325.14994 -0.235928141 -0.188896989 0.113451693 0.0677059182 0.0020878905 -0.017431775 0.997550842
1341846325.18193 -0.240977967 -0.184265523 0.120041153 0.0644844869 0.00359423638 -0.0154813999 0.997792142
1341846325.21806 -0.242013976 -0.174092649 0.12318925 0.0622145755 0.00369725399 -0.0108678614 0.997996777
1341846325.24983 -0.245165139 -0.164908335 0.125723793 0.0605167766 0.00382377134 -0.00757004566 0.99813115
1341846325.28597 -0.239275528 -0.157854326 0.121448697 0.0573058834 0.00274169801 -0.00362985034 0.998346304
1341846325.31799 -0.228828389 -0.152669851 0.127957805 0.0559710198 0.00471571541 -0.00158051492 0.998420006
1341846325.34987 -0.23265204 -0.159910621 0.131163969 0.0584712197 0.00972859782 0.000358801031 0.998241625
1341846325.38763 -0.230556991 -0.147810886 0.132680623 0.0634904506 0.0121645053 0.00329956566 0.997902851
1341846325.41796 -0.212994532 -0.145451763 0.118731925 0.0659399224 0.015883301 0.0065004223 0.997675995
1341846325.45084 -0.213509473 -0.150702479 0.125289729 0.0706644254 0.0245579408 0.00821240889 0.99716398
1341846325.48596 -0.232247602 -0.126981256 0.14078197 0.0807965232 0.0326375051 0.00938254215 0.996151938
1341846325.51789 -0.233294809 -0.117657154 0.144678191 0.0846391839 0.0351816646 0.0117481889 0.995721065
1341846325.5539 -0.227544749 -0.110743602 0.145762165 0.087751601 0.0380598524 0.011385341 0.995349928
1341846325.58587 -0.237128183 -0.0958149345 0.145162329 0.090008702 0.0420061904 0.00955206291 0.99500888
1341846325.618 -0.236405466 -0.0738079813 0.14472918 0.0875324238 0.0435546011 0.0085912801 0.995171976
1341846325.65399 -0.239104451 -0.0891272506 0.153168139 0.0838155478 0.0455883107 0.00567158038 0.995421766
1341846325.68586 -0.237598505 -0.0889786052 0.150749362 0.0890837195 0.0465345131 0.0074339071 0.994908723
1341846325.71788 -0.243134078 -0.0735177157 0.155619982 0.0943073944 0.0479599661 0.0142093315 0.994285699
1341846325.75409 -0.24644476 -0.0751998135 0.1559027 0.097104358 0.0481167668 0.0176897448 0.993953014
1341846325.78609 -0.24165813 -0.0674781821 0.155201553 0.103922796 0.0480181566 0.0191812733 0.993240348
1341846325.82189 -0.243013157 -0.0491948112 0.155602719 0.108353741 0.0500118071 0.0210454327 0.992630533
1341846325.85387 -0.250576427 -0.0414064665 0.160412095 0.109258845 0.050932074 0.0244563053 0.992406327
1341846325.88596 -0.262436469 -0.0290780365 0.157639328 0.109915851 0.0489330453 0.029457054 0.992298516
1341846325.92199 -0.253621339 -0.0251981528 0.162793377 0.109105614 0.0443035044 0.0343933509 0.992446604
1341846325.95391 -0.243549427 -0.0209374992 0.164646243 0.112297937 0.0440648872 0.0358291791 0.992050265
1341846325.98586 -0.245873516 -0.00950543305 0.167426458 0.115223695 0.0469662923 0.040441589 0.991404128
1341846326.022 -0.249398224 -0.00440073586 0.173235327 0.118684726 0.0470020621 0.0462501874 0.990739957
1341846326.05407 -0.244840723 0.00614800446 0.170773737 0.123593756 0.0461352415 0.0485804025 0.990068719
1341846326.08999 -0.241739649 0.0274243015 0.173556243 0.126940144 0.0480254034 0.0474540742 0.989609959
1341846326.12186 -0.240984097 0.0376101169 0.173081915 0.126423767 0.0520389993 0.0456536363 0.98955784
1341846326.15409 -0.247185603 0.0368864821 0.179233287 0.12634769 0.0548745499 0.0443417089 0.989474031
1341846326.1902 -0.249006806 0.0483213403 0.181945954 0.129008648 0.0543461392 0.0466465273 0.989053774
1341846326.22217 -0.253344702 0.0679894599 0.181242674 0.129201201 0.0528088336 0.0526072108 0.988812802
1341846326.26037 -0.256582377 0.0835015267 0.190735678 0.126840936 0.0504151578 0.0555302891 0.989083452
1341846326.27639 -0.251458378 0.0969165975 0.191742602 0.123559042 0.0492309803 0.0563961485 0.989509448
1341846326.32307 -0.248437368 0.109858503 0.196376432 0.119906601 0.0494795465 0.0542086493 0.990068484
1341846326.3603 -0.247373168 0.111154949 0.195115151 0.115149743 0.0512032329 0.0527684084 0.990623168
1341846326.39259 -0.242064391 0.106293545 0.204870307 0.113545236 0.0525433957 0.0535451822 0.990696515
1341846326.42399 -0.24778969 0.111686127 0.205454366 0.1179164 0.0536676342 0.0597918585 0.989767872
1341846326.45988 -0.253156322 0.128456055 0.206375521 0.120681342 0.0513843624 0.0619920928 0.989420356
1341846326.47552 -0.24274058 0.139017241 0.214987274 0.121734996 0.0493902957 0.0632402632 0.989313832
1341846326.52678 -0.237100346 0.15999704 0.207847642 0.120924583 0.0522626865 0.0613358939 0.989385549
1341846326.56089 -0.240501195 0.169086467 0.215305223 0.115688144 0.0563214797 0.0626965103 0.989703638
1341846326.59237 -0.242288441 0.175377296 0.223135469 0.112928914 0.0582347752 0.0649210845 0.989768167
1341846326.62755 -0.237252053 0.189924991 0.219698296 0.112759632 0.0594463729 0.0637114315 0.989794043
1341846326.65871 -0.239331614 0.211260039 0.225834742 0.111857753 0.0639274921 0.0612506153 0.989772439
1341846326.6949 -0.246596322 0.225401472 0.236618436 0.107806688 0.0679028763 0.0617501507 0.989926177
1341846326.72621 -0.245457643 0.240438713 0.237286116 0.101732006 0.0688081259 0.0595636294 0.990640306
1341846326.7634 -0.239007707 0.256222339 0.233167218 0.0964762116 0.0708418334 0.0578216939 0.991125838
1341846326.77904 -0.239727039 0.273661261 0.233607425 0.0896700234 0.0744755065 0.056204234 0.991591534
1341846326.82644 -0.242945278 0.287070291 0.247725911 0.0818466735 0.0771330771 0.0545951552 0.992154715
1341846326.85855 -0.243605721 0.296702272 0.247515356 0.0735279778 0.0784594675 0.0544651414 0.99270907
1341846326.89579 -0.246503411 0.294386953 0.248982589 0.0709545557 0.0780622039 0.0556510146 0.992861878
1341846326.9269 -0.249204074 0.301275195 0.247696564 0.0728670509 0.0745577438 0.0572760367 0.992900293
1341846326.96195 -0.242492689 0.315267706 0.245622102 0.0757704524 0.0717303733 0.0600824384 0.992725386
1341846326.99512 -0.243844704 0.328035228 0.249104135 0.0769885854 0.0728398462 0.0604938897 0.992525871
1341846327.02714 -0.243642013 0.346815132 0.257602045 0.0760287527 0.0740969258 0.0596607954 0.992557235
1341846327.06433 -0.244104786 0.351010634 0.258038977 0.0726215402 0.0767847109 0.056869228 0.992771933
1341846327.09496 -0.24015704 0.360171532 0.265619229 0.0721793236 0.0784895359 0.0551902188 0.992765621
1341846327.12894 -0.243843343 0.373598745 0.273979239 0.0719689521 0.079184815 0.0544253717 0.992767905
1341846327.16195 -0.242709527 0.387180618 0.269589714 0.0710115667 0.0776889836 0.0542109939 0.99296674
1341846327.19388 -0.237319884 0.383639047 0.269013424 0.0682246875 0.0789942226 0.0524165592 0.993155481
1341846327.22989 -0.232311295 0.405913964 0.277941176 0.0706074917 0.082068146 0.0501260155 0.992857887
1341846327.26203 -0.21474938 0.420525093 0.274788747 0.0707728398 0.0844046711 0.0480694111 0.992751927
1341846327.29403 -0.231790126 0.424511078 0.269726639 0.0736023282 0.0984927196 0.0425361598 0.991500155
1341846327.33003 -0.246580025 0.437053184 0.242920947 0.0738191795 0.109289 0.0378325049 0.990542955
1341846327.36195 -0.277515306 0.433333516 0.236738722 0.0666804737 0.118952836 0.0259159892 0.990319291
1341846327.39389 -0.309435609 0.432820032 0.228418324 0.0617068696 0.125078817 0.014461375 0.990120407
1341846327.43 -0.365952717 0.449103413 0.239153885 0.0616894824 0.136216068 0.0214805733 0.98852323
1341846327.46199 -0.421254682 0.437120189 0.254861997 0.0481582001 0.140621853 0.023425057 0.988613953
1341846327.49794 -0.486456768 0.428650493 0.267475861 0.0407636112 0.15137427 0.0180969925 0.987469826
1341846327.53008 -0.53853802 0.419742546 0.28865085 0.0362277054 0.162771442 0.0206299922 0.985782641
1341846327.56191 -0.582537804 0.422853535 0.298233695 0.0337454811 0.167447641 0.0247981657 0.984991158
1341846327.59803 -0.603442444 0.417408994 0.305995678 0.0335438518 0.168108442 0.0279919945 0.984799883
1341846327.62996 -0.605577219 0.438934676 0.312419135 0.0358687524 0.163844842 0.0287969944 0.985413128
1341846327.66201 -0.581613203 0.440572 0.321755294 0.0349372197 0.157334681 0.0268826271 0.986560953
1341846327.69801 -0.588658778 0.455114402 0.316547671 0.0372592778 0.157596157 0.0268279767 0.986435734
1341846327.7301 -0.589399838 0.492530146 0.317695928 0.0358841006 0.156497942 0.0275788276 0.986640833
1341846327.76603 -0.572442903 0.508642508 0.318917742 0.0337898735 0.153347162 0.0299489916 0.987140289
1341846327.79794 -0.543680176 0.534822762 0.31398234 0.0308068814 0.147621122 0.0336069867 0.987992667
1341846327.83007 -0.542463714 0.535147747 0.316184885 0.0227167694 0.147083389 0.034633364 0.988256523
1341846327.86596 -0.53143509 0.544145515 0.316685598 0.0191052265 0.146886711 0.0348273798 0.98835537
1341846327.89802 -0.565302644 0.572560661 0.327018059 0.0201717162 0.153834292 0.0346004503 0.98728462
1341846327.93021 -0.542042295 0.572954687 0.319916513 0.0133298845 0.147944425 0.0341284186 0.988316757
1341846327.96631 -0.538209409 0.59079931 0.318276851 0.0102601363 0.147451291 0.0319960549 0.988498406
1341846327.99811 -0.538433707 0.599978678 0.317532695 0.00356600023 0.148512006 0.0298502189 0.988453556
1341846328.03405 -0.540683064 0.598681221 0.31660883 -0.00402905835 0.149874541 0.0285154207 0.988285515
1341846328.066 -0.538843783 0.596856179 0.316298534 -0.00991032821 0.150115149 0.0297463449 0.988171231
1341846328.09805 -0.545721169 0.576465394 0.322575434 -0.0128223058 0.151837837 0.0305560739 0.987849779
1341846328.13397 -0.55258733 0.574506194 0.31937356 -0.00976981334 0.151657869 0.0341662597 0.987794062
1341846328.16603 -0.554982125 0.564819552 0.315762739 -0.0121041686 0.14854201 0.0355610986 0.988192374
1341846328.19802 -0.555310201 0.553419825 0.31509431 -0.0121213154 0.146001498 0.0318503225 0.98869722
1341846328.23405 -0.566741163 0.54425293 0.313100896 -0.00913164101 0.146635704 0.0314335377 0.988648834
1341846328.26591 -0.565666621 0.535723886 0.316168674 -0.0065783127 0.144585635 0.032315056 0.988942595
1341846328.30207 -0.562082591 0.525543586 0.311583688 -0.00273507327 0.14383516 0.0324209508 0.989066655
1341846328.33392 -0.562927401 0.509232093 0.312021914 0.000748069257 0.1436589 0.0348993345 0.989011424
1341846328.36602 -0.571393327 0.489496386 0.311448182 0.0045416977 0.144555108 0.0319455477 0.988970513
1341846328.40202 -0.611401242 0.476080194 0.31816166 0.0182767951 0.15420999 0.0309723323 0.987383387
1341846328.43392 -0.575403257 0.449411025 0.302687199 0.0204194718 0.145085939 0.0324968024 0.988674402
1341846328.47001 -0.559073885 0.427544427 0.29820029 0.0202366636 0.141606968 0.0252440991 0.989394097
1341846328.50244 -0.568200024 0.410318442 0.297172107 0.022437061 0.145892078 0.0153676238 0.988926648
1341846328.53404 -0.572303646 0.380619558 0.301111988 0.0214400668 0.149652543 0.012263907 0.988430087
1341846328.57014 -0.571524908 0.36266126 0.304200003 0.0244164048 0.150153031 0.0135564372 0.988268248
1341846328.60325 -0.570515373 0.322132118 0.303491271 0.0258210879 0.14368115 0.0192100895 0.989100587
1341846328.62006 -0.565545107 0.297492859 0.297053983 0.0302205142 0.135610415 0.0194830941 0.990109562
1341846328.67268 -0.551619387 0.268371693 0.285082986 0.0324943785 0.127595765 0.0168193446 0.991151122
1341846328.70301 -0.553919571 0.266550348 0.285488632 0.0379635433 0.125203353 0.0153136295 0.991286226
1341846328.7547 -0.541898897 0.249951715 0.286183263 0.0434241011 0.122158735 0.00993473886 0.991510409
1341846328.77066 -0.527998852 0.233590888 0.280566327 0.0457675425 0.118297095 0.0112811354 0.991858793
1341846328.80234 -0.538113126 0.204672413 0.279776869 0.0446375749 0.117049488 0.0103531844 0.992068403
1341846328.83808 -0.529380325 0.186573367 0.272142165 0.0476342737 0.113712899 0.00791351838 0.992339523
1341846328.86995 -0.511756958 0.199656336 0.271267853 0.0505322437 0.109470976 0.00845873466 0.992668649
1341846328.90545 -0.517962903 0.166133594 0.267516851 0.0429222499 0.107561887 0.00754908695 0.993242736
1341846328.9403 -0.529374012 0.141332577 0.263914671 0.0455034844 0.107394847 0.00726826987 0.993148001
1341846328.97054 -0.541838821 0.129535268 0.261349007 0.0492079617 0.107895439 0.00922607362 0.992900816
1341846329.00651 -0.520792678 0.120535517 0.250453785 0.0505362507 0.102011527 0.0138228469 0.993402569
1341846329.03882 -0.51579261 0.117532349 0.25677904 0.0569923784 0.100589206 0.0117875447 0.993224413
1341846329.05582 -0.508668461 0.115946681 0.244950615 0.060882957 0.0999492673 0.0125665695 0.993048584
1341846329.10617 -0.51035045 0.106112742 0.247552253 0.059636201 0.0995206968 0.0114775157 0.993180457
1341846329.13881 -0.53182966 0.0994019849 0.247466827 0.0620601256 0.102336652 0.00893210258 0.992771861
1341846329.17 -0.504039595 0.0950573019 0.249592933 0.0635096361 0.0963685733 0.0103086131 0.993263991
1341846329.20867 -0.503288384 0.0614664636 0.233248232 0.0594240488 0.0954778347 0.00887049844 0.993616666
1341846329.23818 -0.492916493 0.0509510464 0.228733436 0.0570960002 0.0927241352 0.00895620831 0.994013113
1341846329.27385 -0.492999716 0.0423411612 0.229626046 0.056293613 0.0920667868 0.0110142199 0.994099302
1341846329.30616 -0.497239285 0.0506641396 0.223776863 0.0591003536 0.0900451199 0.00978504394 0.994134436
1341846329.33813 -0.500861725 0.0628447252 0.227286006 0.0578748813 0.0895953205 0.00763013784 0.99426604
1341846329.37404 -0.510523622 0.0353432595 0.227020572 0.0526227819 0.0905545813 0.00630497385 0.994480245
1341846329.40599 -0.497471154 0.0119517112 0.215971551 0.0506257088 0.0864200769 0.00281376148 0.994967683
1341846329.44207 -0.482279444 -0.00262791804 0.221029019 0.0487086652 0.0835497503 0.00089633036 0.995312062
1341846329.47396 -0.494202168 -0.00445173836 0.21378919 0.0486868009 0.0838891271 -0.00654504502 0.995263469
1341846329.50645 -0.498796308 -0.000368945007 0.218730596 0.0507947715 0.0831657267 -0.00764584123 0.99521098
1341846329.54213 -0.503285215 -0.0248653278 0.214293096 0.0463557104 0.0802766192 -0.00861886959 0.995656832
1341846329.57409 -0.504995516 -0.0273895726 0.206024055 0.0512650258 0.0785909532 -0.00976334249 0.995540073
1341846329.6064 -0.516354459 -0.022472733 0.221653546 0.0551321956 0.0802224488 -0.0123159568 0.995174918
1341846329.64196 -0.52355449 -0.0246809373 0.218554137 0.0553411131 0.079528671 -0.0122975724 0.995219233
1341846329.68204 -0.524626492 -0.0374264525 0.219961224 0.0542466162 0.0764817788 -0.0121480828 0.995520098
1341846329.74813 -0.51621338 -0.0446758173 0.212563515 0.0558880942 0.0755965653 -0.0137026374 0.995476729
1341846329.76112 -0.503743536 -0.0516403584 0.217143937 0.0561391809 0.0764957743 -0.00876546204 0.995449625
1341846329.81043 -0.502451238 -0.061538872 0.218432263 0.0569563473 0.0776426959 -0.00552753522 0.995337648
1341846329.84227 -0.502517183 -0.0735046687 0.217867283 0.0586831124 0.0778223157 -0.0016827701 0.995237232
1341846329.87405 -0.504172525 -0.0802860039 0.217419832 0.0606726353 0.0776971294 0.000882505514 0.99512874
1341846329.91009 -0.505739828 -0.0736003231 0.209510558 0.0615737929 0.0771383628 0.00296010188 0.995112847
1341846329.94202 -0.522234792 -0.0812100165 0.205862195 0.055074783 0.0780935099 0.00562836044 0.995407702
1341846329.9781 -0.520315104 -0.102718005 0.206971242 0.0529191812 0.0773422872 0.00606370142 0.995580716
1341846330.01646 -0.515963595 -0.0966138004 0.20026106 0.054946253 0.0779419693 0.00417518861 0.995433838
1341846330.04822 -0.522103808 -0.0795678157 0.199975673 0.0535449642 0.0798709839 0.00738931049 0.995338616
1341846330.08043 -0.521041426 -0.114256873 0.20193578 0.0461409908 0.079616302 0.00884886067 0.995717807
1341846330.11609 -0.520570382 -0.121561477 0.201387313 0.0502222579 0.08122392 0.00876851772 0.995391136
1341846330.14788 -0.525199894 -0.112055681 0.197218311 0.0526346089 0.0814674551 0.011038912 0.995223992
1341846330.18131 -0.524043579 -0.0930789017 0.19391319 0.0496786555 0.0805660756 0.0146516054 0.995402667
1341846330.21586 -0.525236789 -0.116770082 0.195060124 0.0410940089 0.0820251446 0.0138645427 0.995686162
1341846330.24785 -0.526387858 -0.118824947 0.194702181 0.0397079375 0.0822822674 0.0138884546 0.995720854
1341846330.28392 -0.530339455 -0.0983416687 0.198567694 0.0379240378 0.0818889842 0.0148996149 0.995808196
1341846330.31603 -0.535305573 -0.118972022 0.196098998 0.0298496136 0.0816968202 0.0135063162 0.996118572
1341846330.34787 -0.535372787 -0.128850182 0.193897993 0.027064098 0.0798245971 0.0133942177 0.996351426
1341846330.38385 -0.530818294 -0.132492955 0.193190913 0.0250357796 0.0790126704 0.0135617621 0.996466902
1341846330.41594 -0.534210082 -0.147965715 0.19786599 0.0237747174 0.0803682804 0.0116200408 0.996413908
1341846330.45276 -0.536879966 -0.149077355 0.195740593 0.0265882188 0.079783557 0.010574084 0.996401445
1341846330.48391 -0.545326654 -0.142655584 0.19042614 0.0276600657 0.0788098812 0.0135392123 0.996413876
1341846330.51598 -0.542381944 -0.15205558 0.192210569 0.0259045252 0.0760277274 0.0169696037 0.99662469
1341846330.55211 -0.539372128 -0.156259458 0.189593246 0.0273096286 0.0742632704 0.018865212 0.996686136
1341846330.58388 -0.542098211 -0.143071125 0.187388557 0.0278144392 0.0741591236 0.0198375178 0.996661053
1341846330.62 -0.549812099 -0.136854115 0.183642281 0.0234064307 0.0733114747 0.019510018 0.996843481
1341846330.65214 -0.548641777 -0.144096819 0.180362573 0.0163162679 0.0718059437 0.0179608766 0.997123409
1341846330.68401 -0.54945555 -0.145649503 0.177467844 0.0117131164 0.071775633 0.0182801332 0.997184486
1341846330.72163 -0.563594155 -0.162228355 0.176439832 0.00840165166 0.0708752907 0.0195064133 0.997259046
1341846330.75211 -0.566643346 -0.167484789 0.171979371 0.010339054 0.0667489873 0.0238306278 0.997431591
1341846330.78796 -0.571275804 -0.158506134 0.165280308 0.0123739683 0.0619450092 0.0273756973 0.997627321
1341846330.81983 -0.568656521 -0.160922386 0.163855609 0.0117857468 0.0573349834 0.0277030913 0.997900964
1341846330.85222 -0.570164696 -0.152917949 0.1602948 0.0117414691 0.0559066023 0.0289123171 0.997948229
1341846330.90129 -0.57376126 -0.141444191 0.156437159 0.00864223947 0.0539966317 0.0303082995 0.998043628
1341846330.91412 -0.576567562 -0.142946086 0.152813533 0.00252610044 0.0529768179 0.0292626786 0.9981637
1341846330.94991 -0.582135839 -0.15643841 0.153599363 -0.001262962 0.052207522 0.0292192942 0.9982079
1341846330.98202 -0.587851041 -0.149966231 0.150296429 0.000631436065 0.0476717681 0.0299475094 0.998413817
1341846331.01412 -0.585910231 -0.149848813 0.146977582 -0.000401727031 0.0435052124 0.0304859556 0.998587874
1341846331.08215 -0.591744962 -0.154127904 0.139997212 0.00083907211 0.0410145058 0.027130894 0.998789778
1341846331.11434 -0.59265706 -0.150157918 0.140594923 0.000643469145 0.0387394451 0.0267348066 0.998891431
1341846331.15001 -0.593605749 -0.156325386 0.140274423 0.000956089837 0.0381301826 0.0249717442 0.998960253
1341846331.18196 -0.599044989 -0.156724421 0.136859959 0.00407246114 0.0381852135 0.0240046722 0.998974014
1341846331.21839 -0.600284765 -0.142246358 0.134362337 0.00433509065 0.034355814 0.0252675991 0.999080794
1341846331.24992 -0.592431433 -0.154654764 0.135362145 0.00139054835 0.0326765766 0.0237597927 0.999182556
1341846331.26608 -0.572342091 -0.170730327 0.143644642 0.00610384115 0.0360118877 0.0209373211 0.999113365
1341846331.31817 -0.58477507 -0.152803196 0.139521682 0.0116050127 0.041619835 0.0188561131 0.998888162
1341846331.34993 -0.584303113 -0.152212542 0.130863264 0.0105216383 0.0442491032 0.0169061896 0.998822053
1341846331.38201 -0.56583704 -0.169120208 0.12099642 0.0127458508 0.0506088581 0.013460337 0.998546497
1341846331.41801 -0.569507217 -0.158580331 0.1433496 0.0202610371 0.0607041614 0.0141305005 0.997850101
1341846331.45036 -0.568632037 -0.141507506 0.156131995 0.0239432658 0.0653734855 0.0152698866 0.997456695
1341846331.48623 -0.572963196 -0.144636234 0.16014791 0.0230382632 0.0676018597 0.0170245879 0.997301053
1341846331.51835 -0.559702073 -0.14886239 0.163627367 0.0212042709 0.0674724469 0.0156287687 0.997373345
1341846331.55022 -0.555488006 -0.154193298 0.172157569 0.0234784445 0.0724040544 0.0142247084 0.996997529
1341846331.58615 -0.564120231 -0.138973908 0.177985382 0.0265862439 0.0742204541 0.0143808569 0.996783671
1341846331.61794 -0.556512506 -0.14278024 0.180651178 0.0247771798 0.0738683174 0.014937496 0.99684825
1341846331.65404 -0.543976517 -0.150656466 0.19140957 0.0251360152 0.0757800461 0.0158374722 0.996681865
1341846331.68613 -0.555155342 -0.13459721 0.195752402 0.0289425788 0.0796670508 0.0165562385 0.99626371
1341846331.71796 -0.55363638 -0.126903314 0.202671961 0.0255552694 0.0781484211 0.0175398751 0.996459786
1341846331.75409 -0.53942641 -0.141590539 0.214873919 0.0223207312 0.0780277664 0.0162809699 0.996568303
1341846331.78593 -0.539841945 -0.137653073 0.225284428 0.0259905806 0.0811356774 0.0138104381 0.996268419
1341846331.81807 -0.542537611 -0.127161364 0.234456856 0.0267268417 0.0831117602 0.0149001347 0.996070327
1341846331.85386 -0.536152791 -0.134598831 0.246697286 0.0249399544 0.0830616029 0.0137353407 0.996137596
1341846331.88599 -0.526386196 -0.131254627 0.258962032 0.0285146672 0.0852515134 0.0113316208 0.995886885
1341846331.92203 -0.527456359 -0.124430742 0.268752688 0.0305235127 0.0886885694 0.01039871 0.995537302
1341846331.95407 -0.516633312 -0.127330462 0.277471435 0.029815272 0.09073165 0.0120393547 0.995356153
1341846331.98615 -0.511649424 -0.141362054 0.29766451 0.0316151494 0.0968373084 0.0127740773 0.99471596
1341846332.02237 -0.521939822 -0.137430356 0.305513532 0.0395724404 0.102467685 0.0117459078 0.993879484
1341846332.05503 -0.522118356 -0.131314774 0.318841515 0.0464158134 0.102418993 0.0132372516 0.993569674
1341846332.08687 -0.513455696 -0.12879707 0.33001166 0.0490839368 0.10164887 0.0149346191 0.993496468
1341846332.12247 -0.5128324 -0.123556377 0.342350305 0.0511411364 0.102820778 0.0132842734 0.993295525
1341846332.15399 -0.522057363 -0.110740137 0.353657188 0.0494300186 0.103588036 0.00997878701 0.993341138
1341846332.19046 -0.52121458 -0.107484496 0.36624337 0.0430550106 0.102210309 0.0091898535 0.993788139
1341846332.23843 -0.509917705 -0.125504464 0.383634772 0.0390641155 0.100602003 0.0085180822 0.994123068
1341846332.25415 -0.510434016 -0.128219661 0.391597221 0.0416946275 0.101524479 0.00776548887 0.993928587
1341846332.28996 -0.510018253 -0.121355057 0.405706548 0.0443762781 0.101250074 0.0099753413 0.993820739
1341846332.32218 -0.51242208 -0.124818865 0.414651615 0.0446803158 0.101433631 0.0110222952 0.993777338
1341846332.35401 -0.496130178 -0.128384991 0.42220211 0.0470336147 0.101862334 0.00846471519 0.993649965
1341846332.3902 -0.492832074 -0.116240866 0.431387255 0.0488146395 0.106051639 0.00568586831 0.993145433
1341846332.42206 -0.49583749 -0.116873722 0.442832549 0.0460686261 0.108725467 0.00206336424 0.99300161
1341846332.45814 -0.487509933 -0.118576414 0.452372513 0.0453297887 0.110535601 -0.00131508338 0.992837027
1341846332.4903 -0.495990856 -0.111457762 0.468199251 0.0470781083 0.113275532 0.000786594849 0.992447322
1341846332.52214 -0.503826358 -0.109785305 0.480313519 0.0465409143 0.11033033 0.00645117389 0.992783735
1341846332.55812 -0.493273285 -0.110882716 0.482315161 0.0476216791 0.103807712 0.0140691321 0.993357033
1341846332.58988 -0.486427289 -0.0996310838 0.483775469 0.0484985573 0.100788245 0.0180570477 0.993561051
1341846332.62189 -0.482212054 -0.0955970608 0.491312301 0.0441460605 0.10060145 0.0199820989 0.993746039
1341846332.65854 -0.476364849 -0.0974705111 0.504282349 0.0400590971 0.101117755 0.0187168582 0.993891416
1341846332.69001 -0.471149883 -0.0949503646 0.514247497 0.0384070728 0.101852575 0.0206985611 0.993842301
1341846332.72601 -0.473695316 -0.0972290017 0.528229291 0.037843282 0.101465808 0.0249197477 0.993806612
1341846332.75841 -0.463782936 -0.095865952 0.532586863 0.0386261129 0.0978875101 0.0259298446 0.994109502
1341846332.79004 -0.457665662 -0.0897809449 0.539052124 0.0374186012 0.0989005228 0.0233675287 0.994118953
1341846332.82595 -0.456260482 -0.0917559382 0.550259343 0.0348292394 0.101919894 0.0221519739 0.993935888
1341846332.85794 -0.44916694 -0.0919058932 0.557296714 0.036017846 0.102214777 0.0226671899 0.993851625
1341846332.89408 -0.447137764 -0.0759127278 0.568309996 0.0373313212 0.102487804 0.0225739458 0.993777158
1341846332.92604 -0.438135044 -0.0757374153 0.569600809 0.0329299441 0.102034034 0.0210217463 0.994013461
1341846332.95804 -0.433157242 -0.0717267198 0.581317858 0.0300274894 0.104505023 0.0183059656 0.99390238
1341846332.99408 -0.428450092 -0.0655629654 0.590197468 0.0275486878 0.105331355 0.0168361115 0.993912934
1341846333.02655 -0.424686117 -0.0656675178 0.598453715 0.0246572388 0.10703354 0.0149450514 0.993837254
1341846333.05802 -0.417766244 -0.0638327902 0.603243939 0.0239728314 0.108866586 0.0152132291 0.993650808
1341846333.09448 -0.414167797 -0.064378025 0.612064955 0.0244170447 0.110536628 0.0187655782 0.993394843
1341846333.1261 -0.409314276 -0.0622640194 0.615865294 0.0249648545 0.112104242 0.0208494237 0.993163983
1341846333.16198 -0.402908676 -0.0550070791 0.622648698 0.0244732723 0.114711158 0.0223723046 0.99284535
1341846333.196 -0.403330317 -0.0539886948 0.630890796 0.0219396497 0.117349579 0.0238408413 0.992562009
1341846333.22634 -0.399899912 -0.0481722575 0.63652512 0.0215339783 0.117830666 0.0235673841 0.992520428
1341846333.26206 -0.396328698 -0.0444172009 0.638635807 0.018019429 0.117796686 0.0218934446 0.992632821
1341846333.29416 -0.407810111 -0.0462311503 0.641806372 0.0148114384 0.119519218 0.0205534014 0.992508607
1341846333.32611 -0.393893878 -0.0447086338 0.646873256 0.0128104221 0.116450028 0.020207497 0.992908325
1341846333.36211 -0.39039283 -0.0362103269 0.647438329 0.0102478605 0.115496264 0.0188364874 0.993076423
1341846333.39446 -0.393040989 -0.0437576063 0.651676879 0.00613673484 0.115047461 0.0191517632 0.993156399
1341846333.43 -0.389075053 -0.0404530822 0.652763472 0.005760703 0.112825134 0.0190672981 0.993415191
1341846333.46212 -0.384088975 -0.0414752651 0.653830727 0.00548680112 0.11275933 0.0175610973 0.99345198
1341846333.49405 -0.386111276 -0.0410565857 0.655251309 0.00657509463 0.114035146 0.0162682733 0.993321749
1341846333.52996 -0.378377943 -0.0397577701 0.654850048 0.007569395 0.114172358 0.0157863451 0.993306684
1341846333.56207 -0.383470502 -0.0370953985 0.65735708 0.0089101304 0.11710036 0.0173048372 0.992929332
1341846333.5941 -0.392214068 -0.0332921463 0.656312917 0.00744458471 0.117240689 0.018431019 0.992904576
1341846333.63 -0.389964169 -0.0275656654 0.657693385 0.00460714655 0.114544566 0.0175116305 0.993253069
1341846333.66213 -0.387658398 -0.0304626389 0.654741166 0.00105976183 0.113090393 0.0173273664 0.993433039
1341846333.69797 -0.387348257 -0.03789166 0.655415739 -0.00124879871 0.113363305 0.0188374473 0.993374226
1341846333.7301 -0.390897098 -0.0433779186 0.652642099 0.000297493805 0.114203081 0.0192825832 0.99327023
1341846333.76213 -0.412767169 -0.0443289978 0.651534663 0.00179829755 0.118823518 0.0193803794 0.992724604
1341846333.79801 -0.436309352 -0.0464494263 0.653392015 0.00311415618 0.123332304 0.0191306127 0.992176126
1341846333.83006 -0.457660697 -0.0472508177 0.649199243 0.00551283365 0.127941104 0.0177429585 0.99160772
1341846333.86605 -0.479746601 -0.0520036487 0.64984952 0.00558267201 0.132562705 0.0165619299 0.991020517
1341846333.89805 -0.502672219 -0.0443750011 0.650822024 0.00961510085 0.136397412 0.0146238158 0.990499591
1341846333.93038 -0.398148882 -0.0504698199 0.628525511 0.0108758637 0.118298973 0.0142803324 0.992815764
1341846333.9659 -0.4008613 -0.0511618719 0.6234557 0.0128922331 0.119224506 0.0136731628 0.992689454
1341846333.99799 -0.399573027 -0.0551275314 0.618357641 0.0154645214 0.119701676 0.0134700255 0.992598064
1341846334.0301 -0.407326026 -0.0530102718 0.611354023 0.0189272331 0.121636314 0.0141666948 0.992293138
1341846334.066 -0.414085944 -0.0563314326 0.605480484 0.0202846625 0.121863801 0.0151014552 0.992224618
1341846334.09826 -0.413075543 -0.0571569968 0.599784907 0.0222344407 0.121387756 0.0148107767 0.992245576
1341846334.1339 -0.417786571 -0.0583896414 0.594133933 0.023469439 0.122533467 0.0149710199 0.99207389
1341846334.16612 -0.424360313 -0.0594329417 0.586150818 0.023515372 0.121312826 0.015567426 0.992213627
1341846334.19808 -0.429025433 -0.0578735335 0.581480122 0.0245054392 0.120128147 0.0142181935 0.992354047
1341846334.2341 -0.430088327 -0.0546317099 0.576025379 0.025289854 0.120688925 0.0129308227 0.992283931
1341846334.26605 -0.437636837 -0.0613943629 0.569701897 0.0244698028 0.122713067 0.0136482282 0.992046601
1341846334.29795 -0.444836342 -0.0609591396 0.563623031 0.0260353324 0.121330247 0.0156349851 0.992147509
1341846334.33405 -0.44902321 -0.0576955548 0.557995836 0.0269017299 0.119918898 0.0155256929 0.992297691
1341846334.36588 -0.447822016 -0.0555905535 0.549401865 0.0264113528 0.119425979 0.0138289503 0.992395403
1341846334.40187 -0.449340011 -0.0593035197 0.541456547 0.0243164044 0.119845577 0.0132158731 0.992406716
1341846334.43388 -0.460825508 -0.065850104 0.532708434 0.0238263421 0.119825799 0.014023287 0.992409911
1341846334.46612 -0.462158973 -0.0599624871 0.528280816 0.0254074253 0.117912672 0.0143354159 0.992595366
1341846334.50215 -0.467207203 -0.0602474833 0.521600295 0.0239366457 0.116691965 0.015164206 0.992763854
1341846334.54022 -0.473846892 -0.0600601401 0.514611023 0.0236617303 0.116054742 0.0132691553 0.992872272
1341846334.55343 -0.479960663 -0.0526734879 0.506577988 0.0228738245 0.115472946 0.00940990807 0.993002639
1341846334.60235 -0.490893372 -0.0467756904 0.498464609 0.0197659856 0.113325134 0.00644906886 0.993340389
1341846334.61821 -0.488550658 -0.0471211046 0.49546122 0.0163434075 0.110256581 0.00253717655 0.993765537
1341846334.67017 -0.49452875 -0.0472799004 0.487396601 0.0145117162 0.110175525 0.000528519776 0.99380606
1341846334.7021 -0.499653947 -0.0478878517 0.478145037 0.0136946647 0.10776372 0.00168115895 0.994080787
1341846334.73515 -0.502831661 -0.0472354423 0.467318813 0.0142340318 0.105120627 0.00338883832 0.99435183
1341846334.7709 -0.503411741 -0.0490270495 0.459170593 0.014095614 0.10290029 0.00662713577 0.994569719
1341846334.80221 -0.507074087 -0.0516269525 0.443763812 0.0130251621 0.100038858 0.00788338741 0.994867038
1341846334.83391 -0.508388698 -0.0525274982 0.434482558 0.0120867142 0.0984807678 0.00607144788 0.995047028
1341846334.86988 -0.517271571 -0.0566267321 0.427671455 0.00985213243 0.098819666 0.00532353626 0.995042345
1341846334.90203 -0.529839513 -0.0568068797 0.422813718 0.00848631611 0.0980590318 0.00655645513 0.995122817
1341846334.93802 -0.536239495 -0.058776874 0.413070551 0.00755592447 0.0953014308 0.00526565665 0.995405856
1341846334.97011 -0.534247932 -0.0595294522 0.405598171 0.00764447107 0.0940747071 0.00452026549 0.995525529
1341846335.00221 -0.543995218 -0.0668208448 0.397277529 0.00862934438 0.0951622612 0.00574655016 0.995407784
1341846335.03789 -0.553649508 -0.0634207952 0.388093033 0.0116693963 0.0924129923 0.00767063793 0.995622833
1341846335.07 -0.551958251 -0.0613387653 0.378778054 0.0119758794 0.0892091425 0.00726282009 0.995914433
1341846335.10605 -0.548023963 -0.0657787213 0.36796701 0.0116755236 0.0894276282 0.0057539276 0.995908266
1341846335.13806 -0.559520518 -0.0679762899 0.359331515 0.0130460573 0.0914562685 0.0045274027 0.995713339
1341846335.16992 -0.568941531 -0.0604907981 0.349287942 0.0141352546 0.0893236911 0.00457035846 0.995891854
1341846335.20612 -0.569169348 -0.0647346148 0.337239376 0.012473372 0.0871989622 0.00232388296 0.996110112
1341846335.23937 -0.566428066 -0.069583247 0.329442677 0.0119105605 0.0877457838 -0.000111096534 0.996071686
1341846335.26995 -0.570782916 -0.0766096798 0.315653747 0.0124755126 0.088798124 -0.00124180025 0.995970739
1341846335.30598 -0.576400715 -0.0748303678 0.306654389 0.0148711537 0.0871768808 0.000143390874 0.996081834
1341846335.33802 -0.581097961 -0.0747618116 0.301131912 0.0167023567 0.0864197098 0.00108491799 0.99611821
1341846335.37409 -0.572468907 -0.0869619914 0.287993234 0.0202449202 0.0870188126 0.0018653253 0.995999192
1341846335.40605 -0.578644367 -0.0844691104 0.284018063 0.0274876074 0.0895636344 0.00346244726 0.9955957
1341846335.43809 -0.585805923 -0.0759886806 0.269205471 0.0338005314 0.090904875 0.00625332943 0.995266157
1341846335.47402 -0.582716463 -0.0734607334 0.257743877 0.0360281963 0.091785114 0.0066591507 0.995104576
1341846335.50731 -0.58541952 -0.0690326521 0.251845701 0.0369196385 0.0945009138 0.00414090716 0.994831328
1341846335.53804 -0.594459789 -0.0643176475 0.246321595 0.036235076 0.0975003864 0.00245295133 0.99457261
1341846335.57413 -0.604659291 -0.0605129749 0.237444144 0.0340190326 0.0979805186 0.00285747724 0.994602613
1341846335.60598 -0.603278144 -0.0666991256 0.233431583 0.0322742707 0.0966384038 0.00226858801 0.994793568
1341846335.64199 -0.605185076 -0.0652805449 0.220386138 0.0333896998 0.0980007411 -0.000712813975 0.994625796
1341846335.674 -0.609308835 -0.0627280957 0.208928643 0.0331187902 0.0983719644 -6.15374964e-05 0.994598461
1341846335.70651 -0.612292547 -0.0625909092 0.198747985 0.0327173995 0.096851272 0.000842122465 0.994760621
1341846335.74199 -0.610290325 -0.0640603031 0.188157662 0.0331150557 0.0961682704 0.000139580397 0.994814072
1341846335.77396 -0.616996417 -0.0597363463 0.176260862 0.0333590856 0.0971387936 -0.00033651482 0.994711573
1341846335.80628 -0.619570795 -0.0529248464 0.167134271 0.0317203645 0.0963217567 -0.00025276982 0.994844648
1341846335.84204 -0.619022997 -0.0593244023 0.158868522 0.0294419722 0.0969033076 0.000556634556 0.994858085
1341846335.87397 -0.623199908 -0.0615821811 0.149651112 0.0301594909 0.0986197193 -0.000137557077 0.994668054
1341846335.91002 -0.632087186 -0.0575222078 0.137558261 0.0298848804 0.09884894 0.00184954837 0.994651879
1341846335.94195 -0.636690413 -0.0585373252 0.126470953 0.0287972179 0.0969496114 0.00243096872 0.994869631
1341846335.97421 -0.638741292 -0.0580367832 0.115507731 0.0285217123 0.0960601228 7.96964901e-05 0.994966813
1341846336.01004 -0.644909587 -0.0554718334 0.108370003 0.0284270204 0.0964172375 -0.000966557534 0.994934514
1341846336.04215 -0.650800522 -0.0557279569 0.0978143139 0.027474995 0.0950234925 -0.00029806143 0.99509576
1341846336.07812 -0.655266506 -0.0582269143 0.0908699963 0.0272624966 0.0932377288 -0.00158997399 0.995269287
1341846336.11092 -0.657898375 -0.0576426484 0.0848494465 0.027627358 0.0931620258 -0.00291650014 0.995263312
1341846336.14201 -0.665409623 -0.058102134 0.0754380018 0.0274231375 0.0932778144 -0.00146467541 0.99526131
1341846336.18398 -0.670809737 -0.0532950939 0.0671288706 0.0276640613 0.0907127688 -0.00143625344 0.995491753
1341846336.19706 -0.670918025 -0.0506634904 0.0682216889 0.0263555373 0.0889177202 -0.0016129596 0.995688919
1341846336.2419 -0.672404026 -0.0509555173 0.0604300245 0.0258318099 0.089700933 -0.000720496373 0.995633437
1341846336.27796 -0.682515851 -0.0584686024 0.0466285172 0.0258167091 0.0907011641 7.69423884e-06 0.995543468
1341846336.31026 -0.68794467 -0.0620832642 0.037537696 0.0283995255 0.0884055616 0.0027752354 0.995675761
1341846336.34616 -0.688320639 -0.0549927316 0.0349322701 0.0309904532 0.0866385177 0.00375490997 0.995750601
1341846336.37799 -0.688592575 -0.0571940264 0.029610733 0.0314349674 0.0867198529 0.00295748808 0.995732275
1341846336.41004 -0.693948947 -0.0528857035 0.017873828 0.0326192764 0.0875533233 0.00310265173 0.995620797
1341846336.44607 -0.698339556 -0.0494420107 0.00728926203 0.0323605566 0.0870632595 0.00270157347 0.995673383
1341846336.47799 -0.700498034 -0.0526504131 0.00454779667 0.0308190468 0.087157379 0.0028695715 0.995713585
1341846336.51009 -0.701565389 -0.0525379396 -0.00178043641 0.0315055613 0.0875611994 0.00346609924 0.995654771
1341846336.54604 -0.705754658 -0.052495935 -0.00792829089 0.0326712998 0.0878367723 0.00532191575 0.995584735
1341846336.57801 -0.708177977 -0.0465075417 -0.0162883905 0.032771756 0.08713171 0.00688982057 0.995633772
1341846336.61404 -0.704659355 -0.0503885572 -0.0254326191 0.0314523908 0.087343933 0.00598064447 0.995663606
1341846336.646 -0.710990745 -0.0432103454 -0.0352538887 0.0308304941 0.0890496068 0.00555791335 0.995534408
1341846336.67806 -0.69703863 -0.0490572897 -0.0683607597 0.0283692844 0.0844431765 0.00878830466 0.995985592
1341846336.71404 -0.723897914 -0.0534114193 -0.04471353 0.0298929827 0.0856977815 0.00617625958 0.99585348
1341846336.74603 -0.73027471 -0.0557348359 -0.0522764864 0.0338854151 0.0838598437 0.0080696049 0.995868559
1341846336.77836 -0.737031652 -0.0527615281 -0.0631766775 0.0366861516 0.0800061092 0.0115090384 0.996052554
1341846336.82003 -0.737758464 -0.0455093361 -0.0619139358 0.0379716913 0.0761782362 0.0128610511 0.99628792
1341846336.83301 -0.73430684 -0.0491141892 -0.0638703054 0.0384811416 0.074655867 0.0114473693 0.996400854
1341846336.88209 -0.745234328 -0.0469869952 -0.0747839047 0.0406175615 0.0742698978 0.0111681337 0.996348066
1341846336.91428 -0.756779227 -0.061615077 -0.0847003771 0.0419551796 0.0703573925 0.0138256381 0.996543251
1341846336.94601 -0.756552343 -0.0598621656 -0.0930869696 0.0490922296 0.0640967292 0.0137049297 0.996641228
1341846336.98199 -0.755681924 -0.0403765953 -0.0934485722 0.0526160638 0.0594455742 0.0124844049 0.996765726
1341846337.01425 -0.726456627 -0.0383898453 -0.10353074 0.0485532469 0.0538308028 0.0136553411 0.997275468
1341846337.04602 -0.741730534 -0.042461666 -0.110554356 0.0457857689 0.0541126879 0.00802361351 0.997452306
1341846337.08211 -0.755674234 -0.042503794 -0.108268469 0.0449733577 0.0548518911 0.00431831954 0.997471814
1341846337.11434 -0.758649359 -0.0415959686 -0.113319725 0.0431406631 0.0526069637 0.00402412954 0.997674895
1341846337.15005 -0.751978435 -0.0430171285 -0.116808071 0.0413213439 0.0502246576 0.00249747863 0.997879649
1341846337.18188 -0.753662176 -0.0402030716 -0.112042917 0.041005621 0.050645643 -0.000566742236 0.997874359
1341846337.21408 -0.756125609 -0.0320867767 -0.11893175 0.0388451227 0.052190225 -0.00200071228 0.997879368
1341846337.2501 -0.764687297 -0.0460555375 -0.120114335 0.0351286216 0.0508033391 0.000478917964 0.998090563
1341846337.28205 -0.764161983 -0.0448263228 -0.128777412 0.0369151993 0.046671442 0.00333395239 0.998222385
1341846337.31802 -0.756366058 -0.0356100677 -0.123139315 0.0373171715 0.0446171965 0.00325980656 0.998301612
1341846337.35002 -0.76337626 -0.0305395928 -0.126566073 0.0360210409 0.0458439552 0.00295223359 0.998294596
1341846337.38216 -0.760751233 -0.0375098233 -0.125561106 0.0327087941 0.046096556 0.00148784911 0.998400235
1341846337.41795 -0.768167236 -0.0466251557 -0.131702817 0.033098662 0.0470931986 0.00145499374 0.99834092
1341846337.45014 -0.770238235 -0.0366976135 -0.140027875 0.0340980926 0.0452570988 0.00198540377 0.998391293
1341846337.48211 -0.766933347 -0.038657968 -0.131969067 0.0327876222 0.0447588734 0.00335571115 0.998453982
1341846337.51806 -0.769901767 -0.0455684075 -0.138769992 0.0332511903 0.0444856448 0.00347909403 0.99845044
1341846337.55 -0.773269749 -0.0318861749 -0.141393154 0.0342308527 0.0440306598 0.00121478549 0.998442825
1341846337.58598 -0.771171862 -0.0379833942 -0.138206065 0.0309201622 0.0435967361 0.000624567947 0.998570417
1341846337.61791 -0.765180857 -0.054020673 -0.131577354 0.0314800545 0.0424826317 0.00130049669 0.998600291
1341846337.65015 -0.76574977 -0.0376388653 -0.135882119 0.0349049764 0.0421773621 0.000602397835 0.99850005
1341846337.68637 -0.765407419 -0.0305384371 -0.133719645 0.0335083618 0.0424902098 0.000722409602 0.998534551
1341846337.71827 -0.763574259 -0.0370362785 -0.132814411 0.0312806599 0.0430401873 0.000694226997 0.998583287
1341846337.74993 -0.758197068 -0.0306795678 -0.128381429 0.031337477 0.0446785962 0.000745931291 0.998509504
1341846337.78616 -0.760072292 -0.0275011392 -0.128427315 0.0281971203 0.0478640077 0.000473098088 0.998455675
1341846337.81796 -0.75404622 -0.032019803 -0.122803334 0.0259219042 0.049525849 0.00238265977 0.998433557
1341846337.85408 -0.752539886 -0.0283407785 -0.121017422 0.0248442878 0.0529389657 0.00189444332 0.998286852
1341846337.88596 -0.755358373 -0.022833129 -0.115727455 0.02186729 0.0556268359 0.000174963891 0.998212125
1341846337.91823 -0.755369007 -0.0192796867 -0.111874004 0.0174414722 0.0570189853 -0.00219428609 0.998218321
1341846337.95413 -0.75473808 -0.0233658342 -0.108595626 0.014955332 0.0585950189 -0.00258478538 0.998166459
1341846337.986 -0.748042227 -0.0147815419 -0.101238622 0.0128019566 0.0591190842 -0.00223838419 0.998166336
1341846338.01812 -0.729792891 -0.0160774118 -0.0860377064 0.00940552379 0.0593315401 6.78146082e-05 0.998194019
1341846338.05407 -0.732404323 -0.0124262899 -0.0876791451 0.00714997436 0.0611981003 -0.00116846808 0.998099346
1341846338.08599 -0.729030834 -0.0118510545 -0.0783371524 0.00381225719 0.0645223397 -0.000778210082 0.997908678
1341846338.1219 -0.729714045 -0.0167207824 -0.0710586791 0.0017360384 0.0669209732 0.00060592793 0.997756585
1341846338.15409 -0.734985288 -0.0159686782 -0.0679796778 0.00119973656 0.0681078128 0.00381998069 0.997669932
1341846338.18604 -0.728034792 -0.015257326 -0.0581676261 0.000155597103 0.0671870179 0.00646452441 0.997719445
1341846338.22208 -0.723303397 -0.0111420001 -0.0522882479 -0.000829082356 0.0683703904 0.0059072589 0.997642174
1341846338.25412 -0.721222961 -0.0139730681 -0.0402330508 -0.00271437148 0.0703467114 0.00649692712 0.997497751
1341846338.29014 -0.717145983 -0.0156273942 -0.0326204397 -0.00211178522 0.0701266489 0.0081591408 0.997502492
1341846338.32198 -0.715097419 -0.0112672003 -0.0272871495 -0.00171917006 0.0711097136 0.0100193101 0.997416697
1341846338.35404 -0.710654299 -0.0148114516 -0.0157766245 -0.00260726185 0.0714280348 0.0104803888 0.997387287
1341846338.38999 -0.711126977 -0.00468642101 -0.00932972776 -0.00216484826 0.0728248889 0.0103951464 0.997288218
1341846338.42242 -0.707023379 -0.00666875851 0.00210649479 -0.00422097277 0.072969417 0.0108220764 0.997266529
1341846338.45402 -0.703711292 -0.00564344649 0.00883349886 -0.00530206638 0.0724758407 0.0101681995 0.997304241
1341846338.4899 -0.698796244 -0.00763260249 0.0205193897 -0.00722292038 0.0719021355 0.0107899654 0.997327172
1341846338.5221 -0.693660237 -0.00868875803 0.0311447304 -0.00638297485 0.0720149285 0.0102979605 0.997329965
1341846338.55835 -0.694793419 -0.00041676344 0.0357866812 -0.00666384667 0.0723877697 0.00920810034 0.997311794
1341846338.58985 -0.691703013 -0.00175485452 0.0472845433 -0.00889766463 0.0722900084 0.00893443457 0.997303947
1341846338.62203 -0.68071827 -0.00429529228 0.0571119722 -0.00818055485 0.0725246173 0.0109290083 0.99727319
1341846338.65799 -0.685959688 0.00373908155 0.063027848 -0.0071236679 0.0731312612 0.0116324358 0.99722904
1341846338.69021 -0.675475958 0.008531823 0.0729504641 -0.00882353872 0.071533265 0.0119790622 0.997327248
1341846338.72247 -0.666785353 -0.00118951434 0.087367763 -0.0103534348 0.0723936361 0.0126927778 0.997241626
1341846338.75796 -0.674991893 0.00561803844 0.090714169 -0.00943770341 0.0733993653 0.0141251991 0.997157932
1341846338.79005 -0.66147014 0.00186329566 0.104600274 -0.0122187865 0.069875182 0.0160089775 0.997352432
1341846338.82606 -0.653189741 0.00266237811 0.116454119 -0.0116073117 0.0705670509 0.0137147545 0.99734521
1341846338.85805 -0.659871479 0.0106565937 0.119648659 -0.0111700719 0.0732895189 0.012016034 0.997175757
1341846338.88991 -0.65410536 0.0117073795 0.132120755 -0.0138637277 0.0718114135 0.0120286601 0.997249332
1341846338.92596 -0.645491546 0.00981475978 0.142180843 -0.0146161413 0.0721653424 0.0107074954 0.997228099
1341846338.95812 -0.644507022 0.0091064353 0.147188634 -0.0147278109 0.0743300977 0.00966598144 0.99707808
1341846338.99007 -0.638277691 0.00604611436 0.160953238 -0.0145886684 0.0741645401 0.010513689 0.997083875
1341846339.02594 -0.631548222 0.00408649839 0.17450083 -0.0125954452 0.0749987947 0.0103630353 0.997050221
1341846339.05796 -0.62832328 0.0057113213 0.18176458 -0.00987889601 0.0772821947 0.0115041514 0.996893938
1341846339.09394 -0.628292969 0.0099827702 0.184891577 -0.0111787023 0.0766530065 0.0133065402 0.996906359
1341846339.12687 -0.623261348 0.0131332401 0.193761478 -0.0142705068 0.07555223 0.0117376961 0.996970631
1341846339.15798 -0.612963022 0.0183951439 0.207952456 -0.0161387275 0.0777634279 0.00925768223 0.996798217
1341846339.19412 -0.613181489 0.0185479507 0.219998688 -0.0183024817 0.0790399624 0.0112856837 0.996639522
1341846339.22817 -0.608494005 0.0263306985 0.228327786 -0.0210292088 0.0768375126 0.0135287449 0.996730025
1341846339.258 -0.596310908 0.0250030734 0.242154711 -0.0235366936 0.0770580473 0.0137230227 0.996654283
1341846339.29414 -0.598556137 0.029117861 0.246829844 -0.0232315683 0.0801197748 0.0144520072 0.996409683
1341846339.32686 -0.605301904 0.028126791 0.242487564 -0.0273953276 0.0785602977 0.0194953648 0.996342163
1341846339.36247 -0.588304349 0.0328494816 0.260299447 -0.0311604654 0.0753771442 0.0164653275 0.996532089
1341846339.39516 -0.583406064 0.0349158924 0.268991264 -0.0318536073 0.0774993038 0.0158556594 0.996357267
1341846339.41088 -0.587688903 0.0347359851 0.272860394 -0.0337762705 0.0779966242 0.0176400484 0.996225135
1341846339.4622 -0.573520642 0.0348973879 0.286363477 -0.0355538852 0.0762615966 0.015503814 0.996333138
1341846339.49783 -0.56057676 0.0378178103 0.300630586 -0.0326089019 0.0796358796 0.0123683663 0.996213737
1341846339.51453 -0.562720778 0.0365431156 0.303579952 -0.0319588581 0.0833109194 0.0137384839 0.99591625
1341846339.56206 -0.5579539 0.0300498956 0.312482049 -0.031923025 0.0826881486 0.0157707567 0.995939192
1341846339.59547 -0.546871942 0.0345963439 0.321164947 -0.029385278 0.0826047623 0.0145300545 0.99604309
1341846339.6326 -0.5432733 0.0362364896 0.328114647 -0.0282046701 0.0863464092 0.0123438911 0.995789346
1341846339.66493 -0.538486969 0.0358129158 0.337762955 -0.0281501981 0.0891577291 0.0104775354 0.995564507
1341846339.69921 -0.536513269 0.0321528913 0.346079459 -0.0286357028 0.0902988354 0.00971432187 0.995455548
1341846339.73199 -0.528370426 0.0323589232 0.35500189 -0.0283935996 0.0900209522 0.00833660703 0.995500142
1341846339.7625 -0.523790989 0.0310478273 0.363415874 -0.0281907225 0.0912777 0.00790246513 0.995395005
1341846339.79789 -0.521311126 0.0310508845 0.371065125 -0.0280236024 0.0918510661 0.00914591196 0.995336331
1341846339.83025 -0.518093446 0.0301023767 0.377027 -0.0282350386 0.0914260207 0.00945271004 0.995366622
1341846339.86202 -0.51186192 0.0294724704 0.382930487 -0.0289156177 0.091042312 0.00971197365 0.995379758
1341846339.89786 -0.506602961 0.0324795298 0.390576415 -0.0294386564 0.0921199441 0.00878021339 0.995273927
1341846339.92992 -0.505659094 0.0266405841 0.399360512 -0.0301261638 0.0938469091 0.0102258971 0.995078189
1341846339.96197 -0.498825284 0.0249947371 0.407360557 -0.0288380021 0.0925492943 0.0112818208 0.995226466
1341846339.99788 -0.492935642 0.0322534193 0.414505566 -0.0264681425 0.0937352561 0.0100268101 0.995194756
1341846340.02993 -0.480372409 0.0278081756 0.425835699 -0.0261080671 0.0946758582 0.0122667383 0.995090136
1341846340.06638 -0.481343329 0.0289591314 0.430636462 -0.0237126246 0.0966088594 0.012419066 0.994962415
1341846340.09825 -0.484004422 0.0301624227 0.431831014 -0.0227279838 0.0977184394 0.0129500428 0.994870264
1341846340.13012 -0.479713613 0.0301824139 0.440277715 -0.0236178118 0.0974659395 0.0116288506 0.994890627
1341846340.1664 -0.473615877 0.0298549732 0.449328313 -0.0226185505 0.099826127 0.00954764565 0.994701959
1341846340.19789 -0.476234643 0.0304086224 0.452501701 -0.0215015638 0.102784612 0.00968044057 0.994424102
1341846340.22995 -0.471785525 0.0317584609 0.45855746 -0.0228061325 0.102161278 0.00997359428 0.994456375
1341846340.26589 -0.464781237 0.0279538642 0.467979931 -0.0236682497 0.103036829 0.00943045732 0.994351192
1341846340.29807 -0.462048295 0.0294450009 0.474318444 -0.021252133 0.105419241 0.00960793688 0.994154323
1341846340.33407 -0.466256523 0.0352251514 0.478573008 -0.0216007424 0.105361674 0.0109821704 0.994138681
1341846340.36607 -0.45711908 0.0275959471 0.484328994 -0.0241628939 0.102617325 0.0111424268 0.994364966
1341846340.39801 -0.451444792 0.0280638491 0.488903223 -0.0222283605 0.10275235 0.01017166 0.994406553
1341846340.4339 -0.451072343 0.0290564261 0.49114692 -0.0213901493 0.102696624 0.011688439 0.994414021
1341846340.46596 -0.451867825 0.0270441791 0.494405123 -0.0209839899 0.100729154 0.0132284592 0.994604604
1341846340.50189 -0.444783415 0.0270461004 0.494844647 -0.0203215203 0.0965271567 0.0133918248 0.995032765
1341846340.53462 -0.43857048 0.026407311 0.491485908 -0.0200079451 0.0945435025 0.013353086 0.995230076
1341846340.56605 -0.434917414 0.0227385087 0.494316425 -0.0188507558 0.093680576 0.0144053052 0.99531959
1341846340.60191 -0.430401606 0.0237860553 0.489372358 -0.0161399645 0.0927739116 0.0141742331 0.995455471
1341846340.63401 -0.428476268 0.0268010769 0.48364459 -0.0153291581 0.0921487053 0.0129568269 0.995542944
1341846340.66604 -0.424210417 0.0244873251 0.482577699 -0.0159006319 0.0921601003 0.0109612029 0.995556898
1341846340.70195 -0.420675128 0.0211056113 0.478904468 -0.0144432971 0.093372098 0.00911107457 0.995484822
1341846340.73396 -0.422088033 0.0278955348 0.478300122 -0.0125769137 0.0956973312 0.00651625853 0.995309691
1341846340.77009 -0.419869952 0.0255739174 0.478348043 -0.0141708856 0.0955309512 0.0045831843 0.995315034
1341846340.80199 -0.417416207 0.0263436477 0.477762564 -0.0142763871 0.0965758533 -0.00146208528 0.995222162
1341846340.83439 -0.417881111 0.0310115642 0.476269189 -0.0142809842 0.0991275186 -0.00539504794 0.994957628
1341846340.87002 -0.419393863 0.0275293995 0.47611896 -0.0162582671 0.0990934452 -0.00673269982 0.994922524
1341846340.90197 -0.416332103 0.0258698374 0.473971398 -0.0154188535 0.0984070362 -0.00675090161 0.995003889
1341846340.93393 -0.419065332 0.0245332909 0.472983257 -0.0134612625 0.0980908911 -0.00416200705 0.99507771
1341846340.97013 -0.422635892 0.0244260679 0.470893864 -0.0118127481 0.0954179882 0.000695572541 0.995366959
1341846341.00193 -0.423525924 0.0216303339 0.468305125 -0.0104096293 0.0915394131 0.00554807407 0.995731587
1341846341.03793 -0.416185812 0.0239070579 0.466675179 -0.00866296512 0.0881402945 0.00780334693 0.996039833
1341846341.07031 -0.416276431 0.0225150006 0.464237525 -0.008450554 0.0874519174 0.00775466995 0.996102713
1341846341.10203 -0.421720197 0.0214000547 0.456347077 -0.00864854862 0.0864157353 0.00809907819 0.996188701
1341846341.13799 -0.421120327 0.0204211276 0.452996379 -0.00852223422 0.0843996593 0.0085629077 0.996358743
1341846341.17005 -0.417679867 0.0190409306 0.454273096 -0.00794721962 0.0833996207 0.0100775558 0.996433534
1341846341.20212 -0.421591768 0.0177041583 0.451571408 -0.00655571053 0.0836394413 0.0108945659 0.996414961
1341846341.238 -0.419584753 0.0181005541 0.449687799 -0.00468642286 0.083600296 0.0114568481 0.996422485
1341846341.26989 -0.422922037 0.0198787974 0.446662329 -0.00322142717 0.0844074365 0.0118516877 0.996355632
1341846341.30611 -0.422271034 0.0166081778 0.443377651 -0.00317929338 0.0834829527 0.0111210705 0.996442076
1341846341.33812 -0.423310488 0.0176724468 0.440261679 -0.00233410961 0.0842324039 0.00877883303 0.99640473
1341846341.37013 -0.421728308 0.0183406305 0.440498906 -0.0018354616 0.0852476673 0.0060926385 0.996339473
1341846341.40608 -0.424859976 0.0180067163 0.43944101 -0.00188191706 0.0856911552 0.00623860974 0.996300439
1341846341.43813 -0.425318128 0.0112150724 0.440979795 -0.00126166972 0.0838511585 0.00670600605 0.996454927
1341846341.47003 -0.421923188 0.0123522095 0.436400561 0.00137339071 0.0831950299 0.00475580276 0.99652099
1341846341.50609 -0.428741671 0.0184478605 0.435608351 0.00173225573 0.085044211 0.00292016191 0.996371394
1341846341.53816 -0.431395491 0.0155343197 0.437511538 0.000566759613 0.0833460868 0.00338132297 0.996514764
1341846341.57403 -0.4323741 0.0144475321 0.432482361 0.00145493303 0.0813433177 0.00420107399 0.996676226
1341846341.61307 -0.431569404 0.014577542 0.427486898 0.0018671419 0.080303838 0.00486541405 0.996756808
1341846341.64398 -0.435157504 0.0166841953 0.427876352 0.0011361024 0.0794178996 0.00370357574 0.996833883
1341846341.67999 -0.436419643 0.014584463 0.428735195 0.000755400431 0.0779806341 0.00464721355 0.996943756
1341846341.71234 -0.438089139 0.0158952136 0.428198205 0.00194921956 0.0759436157 0.00710903637 0.997084866
1341846341.7448 -0.437809086 0.01440937 0.427342138 0.00227248899 0.0739015426 0.00933708468 0.997219242
1341846341.78008 -0.43778738 0.0165929072 0.42610144 0.00312115325 0.0734137295 0.0104136122 0.997242317
1341846341.82739 -0.437934436 0.0142563886 0.422203384 0.00335766949 0.0724890632 0.0122652827 0.997288135
1341846341.8426 -0.436776843 0.00997586588 0.418227724 0.00525430628 0.0724144759 0.0152322928 0.99724446
1341846341.89144 -0.43651254 0.0100796007 0.418820423 0.00734265312 0.0718668075 0.0187422008 0.9972111
1341846341.90666 -0.434569258 0.00604635338 0.414486418 0.00883759849 0.0712346933 0.0201209371 0.99721746
1341846341.94211 -0.433267945 0.00152069609 0.414354993 0.0122537244 0.0710912518 0.0219061697 0.99715395
1341846341.97485 -0.432179806 0.00101604273 0.408475506 0.0154338207 0.0705708269 0.0233730783 0.997113461
1341846342.01026 -0.437728015 0.00437563427 0.411084294 0.0167239588 0.0698672053 0.0248540984 0.997106392
1341846342.04203 -0.428675362 -0.00381456306 0.405839006 0.0175896469 0.0684226067 0.024487672 0.997200735
1341846342.08154 -0.424094363 -0.00305356231 0.403793867 0.0197126149 0.0699823201 0.024875647 0.997043174
1341846342.11263 -0.426455947 -0.00745537978 0.401588067 0.0198467997 0.0706961227 0.0273875144 0.996924313
1341846342.14796 -0.423227722 -0.0129243728 0.398899219 0.0218519294 0.0691073242 0.0293716202 0.996937299
1341846342.17986 -0.419287033 -0.011424625 0.396524238 0.0251158826 0.0691726755 0.0305582479 0.996820208
1341846342.21185 -0.421927764 -0.0115257886 0.397770705 0.025545703 0.0701786932 0.0298679822 0.996759887
1341846342.24793 -0.420374794 -0.0139369972 0.393087647 0.0263809487 0.0700971471 0.0284481878 0.996785401
1341846342.2799 -0.416189252 -0.0137349726 0.392630858 0.0280457695 0.0700007594 0.0290699167 0.996728784
1341846342.31607 -0.422216329 -0.0106032458 0.395053361 0.0299195902 0.0709174944 0.0295158587 0.996596378
1341846342.3479 -0.421871191 -0.0088770734 0.390990017 0.0304643406 0.0709193553 0.0290134155 0.996594497
1341846342.37996 -0.420074348 -0.0113323447 0.389506243 0.0302498758 0.0712360617 0.0294329214 0.99656614
1341846342.4162 -0.423489688 -0.0115525451 0.394115595 0.0310489113 0.0719945153 0.0304829457 0.996455491
1341846342.43206 -0.424868255 -0.0101947985 0.39123609 0.0312483469 0.071370215 0.0314796485 0.996463178
