1341846313.57304 -0 -0 -0 0 0 0 1
1341846313.68616 0.0252812288 -0.00552722477 0.00186982546 -0.00129829296 -0.00622572012 0.00423914926 0.999970792
1341846313.82208 0.0431314551 0.00547269376 0.00640844205 0.000652075423 -0.0066996385 0.0021999816 0.999974925
1341846313.95793 -0.0358441946 0.0168580083 -0.00755691621 -0.00221052867 0.0214900028 0.00220894671 0.999764179
1341846314.05783 -0.0716614944 0.0176940697 0.0114221969 -0.00932695715 0.0392186309 0.0049996423 0.999174615
1341846314.12204 -0.106884325 0.0178382043 0.0150039249 -0.00994365149 0.0555592061 0.00624819566 0.998386327
1341846314.22601 -0.12943051 0.0316419093 0.0259987787 -0.0119334159 0.0711361414 0.00721032564 0.997369166
1341846314.35792 -0.130250528 0.04400786 0.0468380515 -0.0124556447 0.0831367923 0.00317127552 0.996455254
1341846314.5583 -0.0761545308 0.0369256686 0.0257119833 -0.0118880143 0.0990416112 -0.00500615429 0.994999685
1341846314.79404 -0.0249172524 0.0168160597 0.0113894112 -0.00265889 0.11608053 0.00506286241 0.993223343
1341846315.16197 0.0435492897 0.0502581355 -0.0048582006 -0.00418665129 0.134171228 0.0203191794 0.990740978
1341846316.18601 0.0470845541 0.0229536971 0.00463173183 0.000190126483 0.141905252 0.0237199049 0.989595993
1341846317.13791 -0.191613104 -0.0170352282 0.0374806101 0.0288554871 0.108474824 0.0257688103 0.993346134
1341846318.14596 -0.43199858 -0.0169297121 0.0700996566 0.052668014 0.0751949811 0.0325983217 0.995243259
1341846318.85008 -0.642286458 -0.0420217514 0.050005135 0.0707210688 0.0125499088 0.0193675583 0.997229125
1341846319.01842 -0.70685734 -0.0434038968 0.0355000488 0.0788614939 -0.0242628316 0.00931464967 0.996546746
1341846319.18609 -0.720845797 -0.0296040177 0.0351127254 0.0932879793 -0.0367085622 0.0181063731 0.994797464
1341846319.50279 -0.813107665 -0.0240895067 0.0165819111 0.0832452272 -0.0363197457 0.0347209524 0.995261555
1341846320.49019 -0.750117868 -0.0335789683 0.0697314161 0.115763429 -0.0488811423 0.0273848313 0.991695283
1341846320.83188 -0.592762301 -0.0405174828 0.0314134046 0.116154703 -0.00383133422 0.00980076848 0.993175388
1341846322.40231 -0.296041204 -0.140095435 0.0721324209 0.0501162106 0.0705672344 -0.0115681687 0.996180108
1341846322.87009 -0.279325894 -0.315303744 0.0983273058 0.114136764 0.0492958242 0.0026933952 0.992237606
1341846323.87803 -0.27128245 -0.509188321 0.0950820663 0.10480395 0.0484557358 -0.0132785411 0.993222963
1341846324.98195 -0.295395708 -0.239748326 0.129645715 0.0742762547 0.0260293871 -0.0150074385 0.996784975
1341846325.98586 -0.300672013 0.00251092892 0.175453017 0.11756678 0.0562156724 0.0372176863 0.990773786
1341846326.52678 -0.294712886 0.179297202 0.222099815 0.124063114 0.0616902651 0.0582180898 0.988642154
1341846326.82644 -0.296387485 0.301327476 0.254190278 0.0851061639 0.0868183932 0.0509963517 0.991271345
1341846327.09496 -0.289552071 0.360360011 0.281128928 0.0733115445 0.0879159864 0.0523130386 0.992048155
1341846327.26203 -0.266226495 0.420820006 0.295730571 0.0715586583 0.0941696251 0.0441752444 0.991997978
1341846327.39389 -0.377069469 0.444892036 0.245688855 0.0631510899 0.138068215 0.00937509083 0.988362897
1341846327.49794 -0.548956753 0.420203568 0.284743445 0.035523331 0.162576804 0.00530184724 0.98604197
1341846327.59803 -0.673913171 0.432061227 0.336536465 0.0325807016 0.181063231 0.0148898604 0.982818852
1341846327.7301 -0.661607294 0.493018987 0.330616907 0.0319985136 0.168843192 0.0148158172 0.985011961
1341846327.86596 -0.645779241 0.534581556 0.332456256 0.0127691421 0.167105345 0.0199132686 0.985655221
1341846328.19802 -0.661232672 0.530967645 0.331374538 -0.021533307 0.165043759 0.0191570211 0.985865043
1341846328.36602 -0.686340755 0.461460938 0.334353618 -0.00581427309 0.165004727 0.0174458111 0.98612133
1341846328.60325 -0.678983239 0.269407875 0.29646807 0.0117931394 0.1616214 0.00754314642 0.986753539
1341846329.03882 -0.648471212 0.0702953471 0.280616612 0.0451063362 0.121535328 -0.000671506462 0.991561461
1341846329.94202 -0.658483026 -0.152486381 0.230801152 0.0386882174 0.0985210343 -0.00625261591 0.994362978
1341846330.94991 -0.727295328 -0.219219576 0.182342156 -0.0157138505 0.0742213739 0.0173308409 0.996967354
1341846331.38201 -0.686238289 -0.24101271 0.148282097 -0.00203748052 0.0703510876 0.00570060992 0.997503923
1341846332.3902 -0.620128781 -0.168545017 0.460480807 0.0351347945 0.126528775 -0.00829739291 0.99130579
1341846333.26206 -0.51384186 -0.0884492153 0.661472009 0.00561327352 0.139092701 0.0083795771 0.990228001
1341846333.83006 -0.50348276 -0.089450789 0.661522508 -0.00696686797 0.136513794 0.00479542898 0.990602065
1341846334.83391 -0.646588516 -0.113133276 0.468298944 -0.00323846193 0.121056658 -0.00822427671 0.992606246
1341846335.97421 -0.786863506 -0.120773514 0.149231557 0.0136174044 0.117698355 -0.0136511224 0.992862181
1341846336.88209 -0.897273397 -0.110506333 -0.0186528603 0.0256417469 0.0951573588 0.000794483421 0.995131623
1341846337.01425 -0.718391642 -0.0705585774 -0.0631537648 0.0391894166 0.0505154359 -0.0036290595 0.997947499
1341846337.18188 -0.63187802 -0.0603258788 -0.0770138911 0.0332350349 0.0328921704 -0.01700602 0.998761399
1341846337.28205 -0.599595558 -0.0649442051 -0.0959824049 0.0291491181 0.0230395404 -0.0134001389 0.999219668
1341846337.45014 -0.602292246 -0.0605012568 -0.108762991 0.0258789033 0.0215912063 -0.0142556933 0.999330214
1341846338.22208 -0.566683948 -0.0367590831 -0.0322824499 -0.00873453741 0.0458839797 -0.0122596726 0.998833354
1341846338.75796 -0.523922246 -0.0209171833 0.11494945 -0.0180886141 0.0508816884 -0.00373563345 0.998533876
1341846339.32686 -0.460994555 0.0137234401 0.277334176 -0.0343974886 0.0570318019 -0.00125819726 0.997778835
1341846340.22995 -0.33843713 -0.00239623007 0.48402706 -0.0323529853 0.0803716519 -0.00695055909 0.996215525
1341846341.238 -0.284031975 -0.0110673049 0.482204277 -0.0133320659 0.0611957899 -0.00540118312 0.998022123
1341846342.24793 -0.295453186 -0.0387893231 0.439084874 0.0178095456 0.0490956581 0.0116587107 0.998567229
