0.0218225
0.0225995
0.0231715
0.0232887
0.0234545
0.0236046
0.0238454
0.0239319
0.0239482
0.0240281
0.0241067
0.0241506
0.0241818
0.0241986
0.0242326
0.0243524
0.0243625
0.0243989
0.0244152
0.0244527
0.0244681
0.024534
0.0245776
0.024651
0.0247041
0.0248323
0.0248354
0.0248605
0.0248668
0.024879
0.024886
0.0249479
0.0249876
0.0250484
0.0250851
0.0250933
0.0251087
0.0251259
0.0251567
0.0251654
0.0251956
0.0252229
0.0253095
0.0253229
0.0253268
0.0253858
0.0254155
0.0254855
0.0255284
0.0255757
0.0256354
0.0256854
0.0256997
0.0257681
0.0258276
0.025841
0.0259395
0.0259658
0.0261041
0.0261244
0.0261853
0.0261985
0.0262095
0.0262966
0.0263196
0.0263357
0.0263371
0.0263421
0.0263861
0.0264671
0.0264672
0.0264874
0.0265873
0.0267092
0.0267303
0.026731
0.0267825
0.0268477
0.0269098
0.0269164
0.0269328
0.0269443
0.0269831
0.0270022
0.0270227
0.0270247
0.027103
0.0271514
0.0272097
0.0272388
0.0272623
0.0273005
0.0273163
0.0273747
0.0273794
0.027391
0.0273964
0.0274009
0.0274229
0.0274591
0.0274787
0.0274919
0.027495
0.0275109
0.0275273
0.0275468
0.0275781
0.0276145
0.0276196
0.0276323
0.0276942
0.0276979
0.027704
0.0277686
0.0278033
0.0278717
0.0278788
0.0278812
0.0278898
0.0278995
0.0279163
0.0279176
0.0279335
0.0279656
0.0279938
0.0280038
0.0280081
0.0280673
0.0280883
0.0281362
0.0281384
0.0281438
0.0281692
0.0281851
0.0281936
0.0281964
0.028203
0.0282218
0.0282356
0.0282398
0.0282429
0.028259
0.0282673
0.0282913
0.0282932
0.0282976
0.0283174
0.0283187
0.0283451
0.0283581
0.0284069
0.0284121
0.0284859
0.0284883
0.0285041
0.0285154
0.0285261
0.0285404
0.0285444
0.028551
0.0285543
0.0285575
0.0285711
0.0285831
0.0285842
0.0286409
0.0286466
0.0286628
0.0286865
0.0286915
0.0286916
0.0287253
0.0287402
0.0287431
0.0287488
0.0287495
0.0287509
0.0287678
0.0287746
0.0287875
0.0288166
0.0288252
0.0288328
0.028877
0.0288807
0.0288995
0.028917
0.0289202
0.0289258
0.0289362
0.0289386
0.0289446
0.0289455
0.0289528
0.0289647
0.0290077
0.0290212
0.0290694
0.0290804
0.0291721
0.0291878
0.0292137
0.029214
0.0292169
0.0292268
0.0292324
0.0292347
0.0292377
0.0292575
0.0292584
0.0292586
0.0292628
0.0292709
0.0293278
0.0293368
0.0293419
0.0293449
0.0293552
0.0293816
0.0293842
0.0294024
0.0294464
0.0294587
0.0294731
0.0294857
0.0295043
0.0295043
0.0295154
0.0295299
0.0295533
0.0295609
0.0295654
0.0295717
0.0296038
0.029607
0.0296269
0.0296313
0.029636
0.0296494
0.0296591
0.029682
0.0296935
0.029705
0.0297072
0.0297084
0.0297259
0.0297317
0.0297434
0.0297447
0.0297489
0.0297596
0.0297609
0.029777
0.0297828
0.0297932
0.0297961
0.0297962
0.0298059
0.0298124
0.0298341
0.0298449
0.0298646
0.0298975
0.0299027
0.0299261
0.02994
0.0299582
0.0299607
0.0299645
0.0299943
0.0299991
0.0300018
0.0300108
0.0300121
0.0300194
0.0300228
0.030031
0.0300332
0.0300973
0.0301182
0.0301296
0.0301413
0.0301449
0.0301827
0.0301852
0.0301976
0.0302012
0.0302041
0.0302127
0.0302192
0.0302293
0.0302411
0.0302431
0.0302526
0.0302532
0.0302722
0.0302812
0.0303026
0.0303056
0.0303062
0.0303121
0.0303127
0.0303153
0.0303286
0.0303341
0.0303683
0.0303793
0.0303903
0.030446
0.0304614
0.0304722
0.0304731
0.030483
0.0304832
0.0304999
0.0305024
0.030544
0.0305479
0.0305483
0.0305794
0.0306076
0.0306333
0.0306374
0.0306501
0.0306597
0.0306623
0.0306818
0.030728
0.0307389
0.0307533
0.0307597
0.0307796
0.0307871
0.0308312
0.0308659
0.0308687
0.030869
0.0308821
0.0309058
0.0309111
0.0309145
0.0309199
0.0309209
0.0309277
0.0309439
0.0309516
0.0309608
0.0309688
0.0309777
0.0309818
0.0310056
0.0310119
0.031034
0.0310341
0.0310476
0.0310511
0.0310739
0.0310772
0.0310791
0.0310844
0.0311053
0.031106
0.0311146
0.0311393
0.0311534
0.0311613
0.0311675
0.0311681
0.0311734
0.0312024
0.0312195
0.0312363
0.0312395
0.0312532
0.0312566
0.0312622
0.0312624
0.0312701
0.0313003
0.0313103
0.0313183
0.0313315
0.0313363
0.0313376
0.0313429
0.0313611
0.0313817
0.0314124
0.0314128
0.0314384
0.0314479
0.0314491
0.0314552
0.03146
0.0314777
0.0314893
0.0314928
0.0315048
0.0315063
0.0315275
0.0315383
0.0315582
0.0315689
0.0315721
0.0316336
0.0316682
0.03168
0.0316961
0.0317068
0.0317165
0.0317182
0.031721
0.0317317
0.031738
0.0317551
0.031756
0.0317892
0.0318123
0.031826
0.0318512
0.031876
0.0318901
0.0318973
0.0319364
0.0319546
0.0319719
0.0320059
0.0320251
0.0320265
0.0320355
0.0320488
0.0320615
0.0320892
0.0321207
0.0321684
0.0322197
0.0322368
0.0322464
0.0322534
0.0322618
0.0322848
0.0323215
0.0323385
0.0323866
0.0324533
0.0325028
0.0325741
0.0325798
0.0325808
0.0325933
0.0326269
0.0326751
0.0326801
0.0326899
0.0327125
0.032759
0.0327679
0.03278
0.0327857
0.0328282
0.0328754
0.0328791
0.0329029
0.0329188
0.0329979
0.033011
0.0330161
0.0330301
0.0330506
0.0330521
0.0330529
0.0330633
0.0330853
0.0330919
0.0331039
0.0331108
0.0331221
0.0331533
0.0331951
0.0332042
0.0332062
0.033219
0.0332501
0.033269
0.033325
0.0333291
0.0333435
0.0333456
0.033348
0.0333494
0.0333538
0.0333553
0.033389
0.0334173
0.0334359
0.0334398
0.0334539
0.0334613
0.0334617
0.0334734
0.0335098
0.0335151
0.0335418
0.0335707
0.0335786
0.0335992
0.0336017
0.0336282
0.033642
0.0336428
0.0336462
0.0336479
0.0336764
0.0336812
0.0336965
0.0337086
0.0337262
0.0337694
0.0337737
0.0337783
0.0337901
0.0337927
0.0338123
0.033821
0.0338253
0.0338328
0.0338347
0.0338539
0.0338696
0.033884
0.0339502
0.0339677
0.0339792
0.0339892
0.0340038
0.0340166
0.0340176
0.0340285
0.0340373
0.0340473
0.034082
0.0340898
0.0341041
0.0341256
0.0341569
0.0342109
0.0342125
0.034219
0.0342262
0.0342476
0.034255
0.0342663
0.0342736
0.0342958
0.0343173
0.0343235
0.0343296
0.0343357
0.0343555
0.0343594
0.0343762
0.0343795
0.0343862
0.0343866
0.0343881
0.034453
0.0344953
0.0344963
0.0345333
0.0345335
0.0345341
0.0345392
0.0345727
0.0345786
0.0346359
0.0346543
0.0346619
0.0346736
0.0346847
0.0346955
0.0346972
0.0347166
0.0347335
0.0347343
0.0347376
0.0347518
0.0347868
0.0348141
0.0348425
0.0348572
0.034865
0.0348827
0.0348902
0.0348943
0.0349047
0.0349082
0.0349349
0.0349457
0.0349483
0.0349652
0.0349774
0.0349997
0.0350033
0.0350039
0.0350068
0.03504
0.0350498
0.0350534
0.0350577
0.0350636
0.035072
0.0350765
0.0350802
0.0350846
0.0350856
0.0351093
0.0351589
0.0351653
0.0351709
0.0352261
0.0352319
0.0352378
0.0352447
0.035263
0.0352638
0.0352825
0.0352838
0.0352843
0.0352846
0.0353028
0.0353066
0.0353538
0.0353555
0.035368
0.035369
0.0353899
0.0354088
0.0354313
0.035479
0.0354841
0.0354884
0.0355014
0.0355187
0.0355284
0.0355287
0.0355385
0.0355414
0.035544
0.0355563
0.0355606
0.0355837
0.0356396
0.035655
0.0357074
0.0357457
0.0357505
0.0357627
0.0357848
0.0357946
0.0358336
0.035844
0.0358471
0.0358558
0.0358645
0.0359072
0.0359146
0.0359474
0.0359687
0.0359852
0.0360294
0.0360535
0.0360595
0.0360677
0.0360853
0.0361038
0.0361271
0.0361292
0.0361319
0.0361357
0.0361364
0.0361457
0.0361554
0.0361589
0.0361646
0.0361677
0.0361964
0.0361992
0.0362008
0.0362077
0.0362081
0.0362602
0.0362721
0.0362939
0.0363026
0.0363655
0.0363863
0.0363871
0.0363952
0.0363972
0.0364086
0.0364404
0.0364406
0.0364505
0.0364712
0.0364819
0.0364907
0.0364921
0.0365221
0.0365233
0.0365474
0.0365505
0.0365523
0.0365722
0.0365949
0.0366141
0.0366156
0.0366179
0.0366397
0.0366401
0.0366647
0.0367055
0.0367271
0.0367335
0.0367363
0.036745
0.036773
0.0367801
0.036799
0.0368145
0.0368358
0.0368388
0.0368414
0.0368711
0.0368756
0.0368948
0.0369336
0.0369434
0.0369566
0.0369821
0.0370544
0.0371193
0.0371206
0.0371883
0.0372322
0.0372791
0.0372862
0.0372976
0.0373155
0.037416
0.0374247
0.0374582
0.0375046
0.0375129
0.037634
0.0376408
0.0376933
0.0376935
0.0377135
0.0377395
0.0377571
0.0378316
0.0378561
0.037861
0.037885
0.0379321
0.0379589
0.037996
0.0380652
0.0380709
0.0380783
0.0380849
0.0381227
0.0381744
0.0382226
0.0383407
0.0384031
0.0384741
0.038498
0.0385077
0.0385188
0.0385542
0.0386427
0.0386743
0.0386763
0.0387677
0.0387883
0.0388915
0.0388933
0.0388999
0.0389749
0.0389895
0.0389978
0.0390246
0.0392129
0.0393731
0.0393946
0.0394923
0.0396933
0.0398824
0.0399523
0.0401351
0.0401355
0.0401645
0.0401951
0.0402808
0.0406281
0.0408284
0.0410879
0.0411384
0.0412248
0.0412766
0.0413341
0.0413825
0.0417042
0.0418042
0.0419009
0.0419049
0.0425793
0.0426953
0.0428399
0.0430421
0.0433697
0.0441464
0.0444136
0.0446235
0.0449345
0.0451744
0.0453111
0.0465391
0.0466278
0.0481739
0.0487876
0.0491914
0.0497085
0.0497388
0.0510897
0.0528886
0.0530497
0.0533964
0.0542371
0.0545281
0.0554177
0.0558193
0.0558347
0.0560551
0.0564422
0.0571693
0.0572755
0.0576669
0.057743
0.0577629
0.0586436
0.0602367
0.0617669
0.0624395
0.0679501
0.0686963
0.0711829
0.0720767
