1341846226.81793 -0 -0 -0 0 0 0 1
1341846226.85033 0.00403534032 0.00107187121 0.00265510774 0.00108359629 -0.000469828061 -0.00203635876 0.999997229
1341846226.88191 0.00687528709 0.00122615021 0.00443250699 0.00134350637 0.000599902533 -0.00307843408 0.999994179
1341846226.918 0.00431585072 -0.00175567551 0.00408266365 2.18790469e-05 -0.000392628484 -0.00248687798 0.99999683
1341846226.95001 0.00468067504 -0.00527590524 0.00653026577 0.000606404374 -0.00273266389 -0.00230512697 0.999993426
1341846226.98599 0.00630466964 -0.0033495506 0.00564774272 0.00268465549 -0.00360107278 -0.00261390519 0.999986496
1341846227.01793 0.00582859841 0.000892066022 0.0048444588 0.00281186074 -0.00426641305 -0.00312756583 0.999982055
1341846227.05006 0.00743031338 -0.00277110449 0.00628051191 0.00236042575 -0.00496219651 -0.00406808959 0.999976628
1341846227.08599 0.00703918794 -0.00142178651 0.00549427814 0.00321307595 -0.00467360684 -0.00463999277 0.999973152
1341846227.11806 0.00697610034 -0.00190402835 0.00702515735 0.00359381801 -0.00455580155 -0.00501819729 0.999970573
1341846227.14994 0.00556600712 -0.00197217725 0.00486699022 0.00415059113 -0.00464912035 -0.00510409398 0.999967553
1341846227.18606 0.00267274884 0.00155411613 0.00300953538 0.00428310944 -0.00532922892 -0.0059636641 0.999958844
1341846227.21888 0.00828194942 -0.000338212836 0.0074768893 0.00309377362 -0.00647478626 -0.00728748147 0.999947698
1341846227.25395 0.0105763087 -0.00420131456 0.0081009981 0.00390186099 -0.00641322416 -0.00917973575 0.999929687
1341846227.28599 0.00525681017 -0.00417274744 0.00473576558 0.00507089729 -0.00609868764 -0.00998141172 0.999918728
1341846227.32008 0.00653181877 -0.00377422297 0.00328829707 0.00525971194 -0.00811439729 -0.010949712 0.999893292
1341846227.35399 0.00667134358 -0.00446898038 0.00393165801 0.00544144615 -0.00981383616 -0.0128500592 0.999854467
1341846227.38585 0.00460896188 -0.00126648708 0.00117036629 0.00520521556 -0.0118842591 -0.014484855 0.999810912
1341846227.41802 -2.93626248e-05 0.000410743185 0.000821596571 0.0040012049 -0.0145939236 -0.0166239842 0.999747294
1341846227.45402 0.00611284536 0.000310955387 0.00263063465 0.00272359501 -0.0181412469 -0.0198227371 0.999635202
1341846227.48599 0.00497811326 -0.000549108046 0.00373075209 0.00185116352 -0.0188103912 -0.0228836501 0.999559443
1341846227.52198 0.00303117944 -0.00360224694 0.00333608171 0.00151509973 -0.0202483562 -0.0233849551 0.999520311
1341846227.55399 0.00334921587 -0.00636091695 0.00522706577 0.00298989326 -0.0228041865 -0.0243421921 0.999439086
1341846227.58605 0.00633749775 -0.00155078149 0.00447640114 0.00510924931 -0.0233831858 -0.0274855466 0.999335613
1341846227.62209 0.00458890513 -0.00129763495 0.00228940946 0.00447691655 -0.0222672823 -0.0313954087 0.999248945
1341846227.65399 0.00387882666 -0.00771526791 0.00342555517 0.00366056689 -0.0228346867 -0.0305672136 0.999265141
1341846227.68608 0.0113179801 -0.0142012269 0.00756144193 0.00607725693 -0.0246718694 -0.0301317317 0.99922292
1341846227.72197 0.0190417722 -0.0107741436 0.00801761933 0.00877053704 -0.0233331831 -0.0312645915 0.999200263
1341846227.75414 0.0160845122 -0.0117409938 0.00697657328 0.0095736896 -0.0200701141 -0.0313904164 0.999259814
1341846227.79026 0.0148505787 -0.0121462861 0.00551124373 0.0110748022 -0.0179422362 -0.0305597191 0.999310527
1341846227.82193 0.0147454391 -0.0107349131 0.0028731585 0.0117982195 -0.0159232746 -0.0297411354 0.999361154
1341846227.85428 0.014802841 -0.0120384169 0.00346941994 0.011829123 -0.0138350807 -0.0298627971 0.999388251
1341846227.88994 0.016312739 -0.0123852021 0.0031860908 0.0122635684 -0.0123196391 -0.0290535233 0.999426698
1341846227.92198 0.0162422556 -0.0144995881 0.00330977167 0.0119852759 -0.0115756916 -0.0278198947 0.999474067
1341846227.95813 0.0211326308 -0.0137627211 0.00448902217 0.0122131499 -0.0108202259 -0.0282727104 0.999467066
1341846227.98999 0.0170125286 -0.0106628567 0.00201620545 0.0115959148 -0.00774329164 -0.0301443797 0.999448294
1341846228.02194 0.0196189485 -0.020159988 0.00553073071 0.0106093417 -0.0075269934 -0.0292350778 0.999487917
1341846228.05823 0.0223761739 -0.0205301964 0.00608512017 0.0130956124 -0.0078245142 -0.0278580073 0.999495479
1341846228.0901 0.023988658 -0.00830139505 0.0025699596 0.0141244475 -0.00647256028 -0.0290322047 0.999457721
1341846228.12185 0.025297591 -0.00754464469 0.00368524395 0.0108950391 -0.00477358251 -0.0278567316 0.999541151
1341846228.15788 0.0245146528 -0.0117646381 0.00389171726 0.00801408612 -0.00485743367 -0.0238147607 0.999672465
1341846228.18988 0.0249087509 -0.00458625115 0.0053346818 0.00664466288 -0.00549662858 -0.0223118278 0.999713868
1341846228.226 0.0276219185 -0.0116664975 0.00921120868 0.00398767419 -0.00582324816 -0.0230800024 0.999708708
1341846228.25835 0.0268616722 -0.0162568247 0.00844740525 0.00412931805 -0.00650204925 -0.0235251312 0.999693573
1341846228.28995 0.0280768245 -0.015247114 0.00947288062 0.00494279272 -0.00701405142 -0.0225708015 0.999708423
1341846228.32603 0.0324326197 -0.0130058483 0.0105755486 0.00587932939 -0.00682688773 -0.022902862 0.999697097
1341846228.35825 0.0297769548 -0.0139471242 0.0066152721 0.00604145787 -0.00463934647 -0.0229125951 0.999708453
1341846228.38982 0.0277474869 -0.0146767863 0.0065563333 0.00543454174 -0.00403549746 -0.021989308 0.99973529
1341846228.42609 0.0329222227 -0.0146860034 0.00723063793 0.0059590437 -0.00397778594 -0.0221071234 0.999729935
1341846228.44197 0.0307087422 -0.01452242 0.00656355381 0.00695299587 -0.00140862751 -0.0216030351 0.999741457
1341846228.49392 0.0262974614 -0.0149140387 0.00228553527 0.00602093928 -0.000732485147 -0.0207849003 0.999765572
1341846228.52594 0.0283961044 -0.0165122281 0.00339833915 0.00522792478 -0.00194371576 -0.0199615266 0.999785191
1341846228.55822 0.0345321462 -0.0154131315 0.0059076843 0.0055678912 -0.00227079183 -0.0190409945 0.999800621
1341846228.59392 0.0286848289 -0.0187694283 0.00319025587 0.0053944948 -0.00100274201 -0.0183046156 0.999817401
1341846228.62603 0.0262603518 -0.0152052819 0.00128023577 0.00571684542 -0.00224498942 -0.0175033984 0.99982794
1341846228.65849 0.0255407736 -0.0127284966 0.001856947 0.00504690184 -0.00308007878 -0.0172120561 0.99983438
1341846228.69395 0.032275153 -0.0110767673 0.00601508243 0.00449193664 -0.00318828604 -0.0178776963 0.999825007
1341846228.72643 0.0332129311 -0.0133023003 0.00476939871 0.00347450609 -0.00206262097 -0.017919872 0.999831262
1341846228.7621 0.0274094053 -0.0180994836 0.00211751241 0.00278477568 -0.00123729114 -0.0156801508 0.999872415
1341846228.79401 0.03499792 -0.0171646464 0.00405006923 0.00409710463 -0.0029585883 -0.0140954055 0.999887884
1341846228.82594 0.0351807422 -0.0150935986 0.00162948059 0.00511775717 -0.00235537561 -0.0139118228 0.999887355
1341846228.86204 0.0331683362 -0.0174658499 -0.00228508466 0.00490123497 -0.00214964111 -0.0118812593 0.999915093
1341846228.89387 0.0320167094 -0.0179234045 -0.00298332174 0.00512549828 -0.00318281866 -0.0117070673 0.999913268
1341846228.92683 0.0335456457 -0.0155814203 -0.00117852908 0.00559678387 -0.00318015089 -0.0127165951 0.99989842
1341846228.96195 0.0363421813 -0.0133417031 -0.0020431428 0.00547829561 -0.0028614651 -0.0123907173 0.999904131
1341846228.99434 0.0364952408 -0.0136775508 -0.00305533924 0.00446799004 -0.0028319647 -0.0114386988 0.999920583
1341846229.0299 0.0369609449 -0.0191384126 0.00358817322 0.00388192204 -0.00309886549 -0.011353243 0.999923213
1341846229.06187 0.0416039905 -0.0180587305 0.00446467199 0.00524284882 -0.00335429933 -0.0111614383 0.999918338
1341846229.09485 0.0403627229 -0.0141332539 0.00102969869 0.00583334421 -0.00250384144 -0.0103742745 0.999926036
1341846229.12994 0.0440366288 -0.0110098689 0.00226464224 0.00564737696 -0.00253667044 -0.00943349692 0.999936339
1341846229.1619 0.0463255225 -0.0140374397 0.00192894124 0.00484374126 -0.00235264635 -0.00984895381 0.999936999
1341846229.19789 0.0450757814 -0.017012664 -0.000161829116 0.00469332746 -0.00215727892 -0.0100368058 0.999936289
1341846229.22982 0.0424972244 -0.0189225121 0.00113778615 0.0057095357 -0.00240772318 -0.00957840045 0.999934927
1341846229.262 0.0417730513 -0.0187950786 -0.000407810025 0.00685246259 -0.00266154197 -0.0102459182 0.999920487
1341846229.29792 0.0399881658 -0.0169797529 -0.00220613282 0.00721871224 -0.00261954123 -0.011410507 0.99990541
1341846229.33004 0.0400977472 -0.0173864171 -0.0036399798 0.00711599167 -0.00327668785 -0.0119285595 0.999898163
1341846229.362 0.0414757969 -0.0197708338 -0.000644802388 0.00681996135 -0.00407212189 -0.0110068508 0.999907873
1341846229.39806 0.0454776189 -0.0280687598 0.00175578695 0.00820065756 -0.00435822535 -0.0108698659 0.999897795
1341846229.43019 0.0419793524 -0.0250266933 -0.00158372101 0.0111867434 -0.00415386681 -0.0106158656 0.999872445
1341846229.47198 0.0431684501 -0.0212608601 -0.00258403013 0.0124579273 -0.004426879 -0.0104990365 0.999857476
1341846229.48517 0.0431843763 -0.0251934261 -0.00216962022 0.0128697672 -0.00397564696 -0.0096594564 0.99986262
1341846229.53016 0.0415060717 -0.0194129871 -0.00502855491 0.0145612571 -0.00341962647 -0.00879563125 0.999849445
1341846229.56607 0.0439725328 -0.020995396 -0.00287801741 0.0145146386 -0.00379020486 -0.0067518774 0.999864677
1341846229.58207 0.0482350994 -0.0231997239 0.00282167745 0.0162818477 -0.00361662722 -0.00512949109 0.999847743
1341846229.63007 0.0449474126 -0.0212405229 -0.00167700333 0.017727449 -0.00169324859 -0.00386133777 0.999833966
1341846229.66595 0.0442096178 -0.0205953092 -0.0053145639 0.0172654152 -0.00128204293 -0.00264062288 0.999846633
1341846229.69816 0.0500291891 -0.0271604296 0.000287927486 0.0174040497 -0.00190025701 -0.000992010359 0.99984624
1341846229.7341 0.0532133709 -0.0294978544 0.000183925572 0.0201932234 -0.000661311034 -0.000755739484 0.999795592
1341846229.7662 0.0454945918 -0.0233297879 -0.00770162882 0.0213793496 0.00173631269 -0.000864125386 0.999769554
1341846229.79802 0.0434164297 -0.0211120184 -0.00588091182 0.0197892609 0.00216851177 -0.0011293333 0.999801184
1341846229.83387 0.0496519619 -0.028545571 -0.00227921674 0.0188198645 0.00147887952 -0.00113187332 0.999821156
1341846229.86593 0.0473156133 -0.0286753269 -0.00243734599 0.0203418234 0.00272218842 -0.00181385329 0.999787732
1341846229.89793 0.0415577861 -0.0212568438 -0.00682848823 0.0208966818 0.00385159086 -0.00268134955 0.999770626
1341846229.93988 0.0414814395 -0.0181444152 -0.0050530935 0.0194913203 0.00406423348 -0.00290530666 0.999797544
1341846229.95293 0.0430522316 -0.0188281139 -4.29472866e-05 0.0184218224 0.00460993418 -0.00315823172 0.999814688
1341846230.00207 0.032027222 -0.01334244 -0.00580040469 0.0171215619 0.00652606323 -0.00506240198 0.999819301
1341846230.03388 0.0405687146 -0.0164477629 -0.0012840041 0.0139698785 0.00501883501 -0.00513171414 0.999876652
1341846230.06595 0.0417092951 -0.0193996625 0.00158038857 0.0134198009 0.00548577482 -0.00403022228 0.99988678
1341846230.10389 0.0416176755 -0.0180076862 -0.00142368791 0.0135120285 0.00647877967 -0.00340509604 0.999881921
1341846230.14526 0.0459813137 -0.017461701 0.00083392081 0.0127823997 0.00600125939 -0.00267836139 0.999896705
1341846230.17346 0.050147607 -0.0203386353 0.0034706929 0.0121216553 0.00574139083 -0.000730947146 0.99990978
1341846230.20928 0.0466134694 -0.0214904689 0.00153320674 0.0126714774 0.00702805059 0.000217898965 0.999894991
1341846230.27199 0.042691728 -0.0220759871 -0.00185388356 0.0115239526 0.00753606884 0.000354941066 0.999905136
1341846230.28716 0.0419130397 -0.0242803892 -0.0011671008 0.0137441695 0.00767338446 0.00187593159 0.999874341
1341846230.33406 0.0438572161 -0.0215880008 -0.00129605697 0.0158999763 0.00795174161 0.00159157947 0.999840701
1341846230.3703 0.0440519464 -0.024170996 0.000339567316 0.0174355452 0.00888243764 0.000289566326 0.999808492
1341846230.40194 0.046680962 -0.0224971815 0.00234656271 0.0197491777 0.00956518811 -0.000516978352 0.999759076
1341846230.43829 0.0479422263 -0.0246658447 0.00228532684 0.0210568956 0.00997310242 -0.00147493387 0.999727447
1341846230.46993 0.0473950987 -0.0200700433 0.00167629678 0.0230933281 0.010503143 -0.00243883103 0.999675164
1341846230.50194 0.0433445023 -0.0169640674 -0.00364286304 0.023250708 0.0111732373 -0.00344720729 0.999661283
1341846230.53784 0.0456775897 -0.0169063845 -0.00184235158 0.022747612 0.0102414128 -0.00277624423 0.999684926
1341846230.56981 0.0440896137 -0.0193357183 -0.00150805855 0.0241296179 0.0100643899 -0.00269129292 0.999654554
1341846230.60195 0.052668849 -0.0241451531 -0.00598341279 0.0251456603 0.00807781043 -0.00237649356 0.999648337
1341846230.63784 0.0500133086 -0.0277171252 -0.0089293913 0.0257032805 0.00784222501 -0.00250181239 0.999635725
1341846230.67007 0.0452197139 -0.0209350159 -0.00832622482 0.025950724 0.00794158173 -0.00326993725 0.99962633
1341846230.70594 0.0457990696 -0.0223975963 -0.00537624878 0.0247218797 0.00724727947 -0.0037438722 0.999661087
1341846230.73794 0.0458491416 -0.0312235056 -0.00535427105 0.0244450948 0.00706579329 -0.00388495578 0.999668655
1341846230.76999 0.0481004135 -0.0284547872 -0.00736542581 0.0260536482 0.00624513409 -0.00229129162 0.999638412
1341846230.80586 0.0478339251 -0.0254785653 -0.00396955724 0.0267795864 0.00608147103 -0.00306284008 0.999618171
1341846230.83784 0.0489298613 -0.0299714 -0.0063001865 0.0262126898 0.00563698886 -0.0040132219 0.999632439
1341846230.86984 0.0470980254 -0.0310752798 -0.00473200627 0.0271389713 0.00632252743 -0.0040148977 0.999603613
1341846230.90586 0.0465793328 -0.0263291307 -0.00493126787 0.0283087476 0.00605919997 -0.00352705287 0.99957464
1341846230.93792 0.0444314464 -0.027434563 -0.00517306032 0.0279938085 0.00516236222 -0.00458216441 0.999584264
1341846230.97396 0.0510494697 -0.033145773 -0.0049079087 0.0279723325 0.00364175546 -0.00350824968 0.999595908
1341846231.00606 0.0479769383 -0.0342471643 -0.00508092202 0.0290784691 0.00405700773 -0.00251587155 0.999565733
1341846231.03794 0.0476134547 -0.0271525878 -0.00676625824 0.0299833795 0.00348464009 -0.00333889432 0.999538747
1341846231.07434 0.0484410588 -0.0300330309 -0.00386809882 0.0296181591 0.00281114919 -0.0032850522 0.999551935
1341846231.10609 0.0517489954 -0.0362138381 -0.00371998447 0.0299537763 0.0019339595 -0.00255234824 0.999546155
1341846231.13809 0.0617877506 -0.0381750933 -0.00885964278 0.0306924599 -2.45296507e-05 -0.00170661049 0.999527418
1341846231.17405 0.0604777522 -0.0353879772 -0.00414579184 0.031003143 -0.000371730127 -0.00272709247 0.999515498
1341846231.20592 0.0601046469 -0.0355056344 -0.00462882176 0.0319154899 -0.000354339193 -0.00344599797 0.999484568
1341846231.24188 0.0598990667 -0.0316316092 -0.00575258457 0.0337003721 1.79914664e-07 -0.00310256879 0.999427165
1341846231.27385 0.0582830514 -0.0304355286 -0.00618811372 0.0338564179 -0.000189588704 -0.00406217261 0.999418434
1341846231.3059 0.0562209562 -0.0323925142 -0.0067440746 0.034941726 -8.00328975e-05 -0.00380127921 0.999382119
1341846231.34193 0.0574137209 -0.0273397761 -0.00953948152 0.0353799592 -0.00069934221 -0.00320777299 0.99936854
1341846231.3581 0.0561180257 -0.0302365682 -0.0112456432 0.0332007533 -0.000988869612 -0.00389130819 0.999440638
1341846231.41004 0.0566976311 -0.0373201753 -0.0112658711 0.0314595582 -0.00110837685 -0.00359300987 0.999497953
1341846231.44212 0.0533392971 -0.038029474 -0.00771170445 0.031286565 -0.00094691473 -0.00272490063 0.999506293
1341846231.48426 0.0513683743 -0.0331024605 -0.00726917138 0.0322017727 -0.00175066685 -0.00178644633 0.999478259
1341846231.51683 0.0557724477 -0.0333057241 -0.0126767894 0.0310894045 -0.00243265923 -0.00257543342 0.999510329
1341846231.54786 0.0543627256 -0.0332286596 -0.0145867558 0.0289934075 -0.00095336915 -0.00414956013 0.999570535
1341846231.58391 0.0576019013 -0.0321772672 -0.0149638415 0.025940656 0.000225474611 -0.00591701172 0.999645948
1341846231.616 0.0538494881 -0.0356334995 -0.00640275759 0.0240790762 0.00272851248 -0.00984065776 0.999657899
1341846231.64931 0.0487259313 -0.0471952761 -0.00207147659 0.0243034583 0.00334454463 -0.0118592794 0.999628688
1341846231.68384 0.0506907789 -0.0481495605 -9.23960962e-05 0.0293300469 0.00129595386 -0.0127787895 0.999487254
1341846231.71654 0.0502085147 -0.0527796718 0.00223758823 0.0352080979 0.000324801734 -0.0117946362 0.999310348
1341846231.74785 0.0507072821 -0.0465704881 -0.00236157719 0.0399032665 -0.0011499162 -0.0121039778 0.999129572
1341846231.784 0.0515796112 -0.0402295156 -0.00690001816 0.0412654448 -0.002127968 -0.0120420227 0.999073383
1341846231.81706 0.0552272557 -0.0406852971 -0.00335350457 0.0410265075 -0.00269245432 -0.0116238964 0.999086814
1341846231.85232 0.0549810648 -0.036841864 -0.00617450177 0.0407297413 -0.00322096336 -0.0111164052 0.999103167
1341846231.89687 0.049943206 -0.0342881511 -0.00588934358 0.0385726811 -0.00348954133 -0.0112879721 0.999185945
1341846231.90987 0.0524025143 -0.0394174405 -0.00653209364 0.0364306209 -0.00499307201 -0.00995659979 0.999274109
1341846231.94584 0.0503207956 -0.0407017152 -0.00441660294 0.0363285084 -0.00552342499 -0.00879726604 0.999285915
1341846231.97803 0.0502200693 -0.0417515844 -0.00679494148 0.0361947028 -0.00562438229 -0.00958952772 0.999282918
1341846232.00998 0.0488258848 -0.0363022093 -0.00442676946 0.0353621646 -0.00599670245 -0.00918892498 0.999314325
1341846232.04586 0.0475127806 -0.0424317784 -0.00192672421 0.0341074864 -0.00726898211 -0.00806199504 0.999359217
1341846232.07797 0.0497008063 -0.0416995984 -0.00361539187 0.0348794917 -0.00867905192 -0.00717466974 0.999328084
1341846232.1099 0.0499646159 -0.0394282198 -0.00463806314 0.0350464959 -0.00915210384 -0.00787745868 0.999312728
1341846232.14601 0.0556743165 -0.0406913934 -0.004087675 0.0342138178 -0.00965815633 -0.00861287386 0.999330753
1341846232.17832 0.0581182327 -0.0406348011 -0.00294429854 0.0337773489 -0.00986980657 -0.00827444731 0.999346392
1341846232.21596 0.0541580356 -0.0453950609 -0.00658801974 0.0338703844 -0.00894952342 -0.00838765327 0.999350965
1341846232.25205 0.0548336618 -0.0452987242 -0.00861040704 0.0348068596 -0.00890682324 -0.00698180244 0.999329978
1341846232.28395 0.0542983745 -0.0450798535 -0.00378453954 0.0353878553 -0.00907645141 -0.00508312309 0.999319508
1341846232.32027 0.0605268261 -0.0423261878 -0.00376504939 0.0355616219 -0.00973033333 -0.00398755255 0.999312159
1341846232.35186 0.0567825834 -0.0384454779 -0.00810665702 0.0341136972 -0.00868316201 -0.00547828431 0.999365222
1341846232.38389 0.0539404471 -0.0364673185 -0.00265633349 0.0321519806 -0.00823320584 -0.00803545295 0.999416778
1341846232.41981 0.0556254261 -0.041705378 -7.33497989e-05 0.0307780294 -0.00939048589 -0.00920165622 0.999439774
1341846232.45179 0.0567307651 -0.0457876425 0.00117340116 0.0315595987 -0.00989999118 -0.00886128519 0.999413558
1341846232.48418 0.0576163183 -0.0492662714 0.00156331752 0.0321033758 -0.00962839791 -0.00903081746 0.999397374
1341846232.51991 0.05411421 -0.0423378594 0.000153966725 0.0337779591 -0.00935594689 -0.00847242922 0.999349655
1341846232.55189 0.0534945919 -0.045720413 -0.00107382562 0.0338722572 -0.00948631665 -0.0084657368 0.999345291
1341846232.58386 0.0540941255 -0.0462663428 -0.000120072241 0.0352285885 -0.00929700961 -0.00877574791 0.999297502
1341846232.6198 0.0558169256 -0.0432351351 0.00122890599 0.0376071757 -0.00890889899 -0.00772483682 0.999223028
1341846232.65185 0.0544468623 -0.046456144 0.000958738758 0.0382003565 -0.00837848029 -0.00788600049 0.999203855
1341846232.6884 0.0570285101 -0.0468499615 0.000887850935 0.039812127 -0.0083459339 -0.0084393224 0.999136686
1341846232.71981 0.0608188847 -0.0483686734 0.00397024676 0.0418004704 -0.00816145727 -0.00885358672 0.999053415
1341846232.75177 0.0611203702 -0.0465546156 0.00202858345 0.043785294 -0.00718302206 -0.00963477716 0.99896868
1341846232.7879 0.055823498 -0.0492409688 0.00172367274 0.0452487484 -0.00570165826 -0.0104571956 0.998904745
1341846232.82023 0.0605425877 -0.047915666 0.00191383196 0.0474736792 -0.00512206094 -0.0112180633 0.99879636
1341846232.85585 0.0567031921 -0.0474047258 0.00167722244 0.0497947856 -0.00402109462 -0.0121589267 0.998677361
1341846232.88799 0.0602510034 -0.0477465907 0.000709011907 0.051075177 -0.00367042327 -0.0124053565 0.998611016
1341846232.91983 0.0561051816 -0.0500003724 0.00324874704 0.0514005172 -0.0024584878 -0.0131340596 0.998588724
1341846232.956 0.0559405719 -0.0492925369 0.00158662484 0.0525081027 -0.00229640755 -0.0128858463 0.998534717
1341846232.98797 0.0607777185 -0.0438598793 -0.000523616037 0.0531788625 -0.002187667 -0.0126259253 0.998502784
1341846233.02388 0.0572288096 -0.0450552461 5.03257907e-06 0.0514857768 0.000147395268 -0.0129650549 0.998589556
1341846233.0559 0.0587176339 -0.0461924789 0.000989989215 0.0501172752 0.00144667086 -0.013889154 0.998645712
1341846233.0883 0.0586686633 -0.046740576 0.00649921924 0.0494661183 0.00169159684 -0.0149337197 0.998662719
1341846233.12413 0.056188886 -0.0524714742 0.00656613693 0.0493934901 0.001326303 -0.0164358181 0.998643274
1341846233.15591 0.0256461486 -0.0530697624 0.0254910071 0.0519005518 0.00420757359 -0.0180287461 0.998480642
1341846233.2182 0.0513410651 -0.0485125089 0.00523901659 0.0566298329 -4.06657788e-05 -0.0196574011 0.998201707
1341846233.24994 0.0569529684 -0.0488397908 0.00351128814 0.0547805994 -0.000817364685 -0.0195876698 0.998305936
1341846233.28602 0.0617256535 -0.0526996296 0.00117313963 0.0532594838 -0.00105186592 -0.0213688629 0.998351488
1341846233.31788 0.0597286978 -0.0555028122 0.00677737286 0.0536774231 0.000391224043 -0.0215933645 0.998324751
1341846233.34987 0.0574542208 -0.054594075 0.00689566459 0.0545294999 0.00102152945 -0.0205244349 0.998300675
1341846233.38587 0.0598900151 -0.0521044956 0.00613211166 0.0550715972 -7.07881552e-05 -0.0192785637 0.998296274
1341846233.41801 0.058872131 -0.0533230901 0.00738446521 0.0548836997 -0.000498059851 -0.0191604237 0.998308775
1341846233.45383 0.0573997076 -0.0541183273 0.00948396594 0.0555149933 -0.00121426038 -0.0184785023 0.998286109
1341846233.48593 0.0594953586 -0.0553958494 0.00827531678 0.0565328587 -0.00225473704 -0.0193796318 0.998210089
1341846233.51797 0.057599557 -0.0538196002 0.00276262305 0.0565109207 -0.00284446469 -0.0211120788 0.998174687
1341846233.55391 0.0548985159 -0.0553065613 0.00834339381 0.0561728885 -0.00353367799 -0.0211876055 0.998189964
1341846233.58597 0.0580142732 -0.0563102322 0.00834819274 0.0575772094 -0.00475600475 -0.020603007 0.998117108
1341846233.62192 0.0649117878 -0.0525420282 0.0076837256 0.0590760519 -0.00559210625 -0.019239006 0.998052408
1341846233.6544 0.0626051417 -0.0508838528 0.00634739689 0.0590757153 -0.00425593773 -0.0200973187 0.998042106
1341846233.68586 0.0596342833 -0.0506856678 0.00536931458 0.058103061 -0.00275165622 -0.0209588105 0.998086765
1341846233.7219 0.0622042889 -0.0511322195 0.00826933123 0.0574807025 -0.00278287499 -0.0208277458 0.998125458
1341846233.75397 0.0648618885 -0.0534227545 0.00797588039 0.0567259787 -0.00280704732 -0.0203857891 0.998177691
1341846233.77 0.061684044 -0.0522621881 0.00681187891 0.0561108035 -0.00170911278 -0.019686124 0.998228988
1341846233.82202 0.0654961021 -0.0505890153 0.0063079058 0.0555970124 -0.00162666569 -0.0191268956 0.998268745
1341846233.85398 0.0627208206 -0.0509785045 0.00836307255 0.0544883959 -0.00118506678 -0.019178057 0.998329511
1341846233.88993 0.0657196355 -0.0515604197 0.00942293906 0.0537259194 -0.00192275624 -0.0190484029 0.998372169
1341846233.92205 0.0609418513 -0.0531306035 0.00835936671 0.0524169588 -0.0018574963 -0.0198193715 0.998426865
1341846233.95397 0.0617633283 -0.0516060812 0.00963273943 0.0523323515 -0.00283317817 -0.0193319103 0.998438569
1341846233.98997 0.0639167802 -0.0517406182 0.0080764556 0.0519284765 -0.00435327359 -0.0193038396 0.998454728
1341846234.02194 0.0618040727 -0.0514166908 0.00672052593 0.0509178428 -0.00464625709 -0.0197948176 0.998495844
1341846234.05391 0.0633969418 -0.0522725411 0.00843757627 0.0504747567 -0.00461560537 -0.0203117793 0.9985081
1341846234.08993 0.0641532182 -0.0535697287 0.00898471403 0.0501683685 -0.00413083194 -0.0207460309 0.998516737
1341846234.10597 0.0662851119 -0.0508466012 0.0074311278 0.0499880134 -0.004097021 -0.0206872134 0.998527141
1341846234.15811 0.0658108759 -0.053634258 0.0112997513 0.0497813479 -0.00416419181 -0.020178243 0.998547603
1341846234.19006 0.0692770903 -0.0554517773 0.0117702735 0.0505033066 -0.00449490301 -0.0196297569 0.998520848
1341846234.22215 0.0691492735 -0.0490454801 0.00957684333 0.0511063763 -0.00380164835 -0.0191259219 0.998502822
1341846234.25788 0.070384589 -0.0496680048 0.0109167797 0.049638781 -0.00367438751 -0.0190990465 0.998577847
1341846234.28983 0.0727246431 -0.054548608 0.0145562866 0.048607316 -0.00324933443 -0.0191983912 0.998628155
1341846234.322 0.0709114592 -0.0547878745 0.0127278311 0.0495381794 -0.00201150872 -0.0199856415 0.998570226
1341846234.35791 0.0698079018 -0.0517408251 0.0124962464 0.0504730366 -0.00190769721 -0.0212512852 0.998497479
1341846234.38992 0.0712096233 -0.0546935733 0.0137018913 0.0504911078 -0.00297676789 -0.0199215923 0.998521365
1341846234.42593 0.0732922674 -0.0552202041 0.013985556 0.0516498555 -0.0040342414 -0.0182192291 0.9984909
1341846234.45822 0.0723294789 -0.0515936458 0.0125560083 0.0518232203 -0.00413260262 -0.0181192019 0.998483335
1341846234.49002 0.0715686868 -0.0470900171 0.0126357644 0.0493981832 -0.00457333032 -0.0184354303 0.998598537
1341846234.52587 0.0751643743 -0.0517103944 0.0153776495 0.0479162371 -0.00512516206 -0.0173062492 0.99868827
1341846234.55797 0.0751569013 -0.0504955398 0.0139177867 0.0477162589 -0.00514234742 -0.0165975333 0.998709786
1341846234.59418 0.0731304881 -0.0498459405 0.0161130701 0.0460350949 -0.00564615609 -0.015108282 0.998809607
1341846234.64231 0.0744705127 -0.050998487 0.0159631782 0.0452877066 -0.00683253771 -0.0136040269 0.998857983
1341846234.65818 0.0760714925 -0.0490799044 0.0159923567 0.0452829128 -0.00816796949 -0.0128164952 0.998858588
1341846234.69415 0.0759054381 -0.0506075967 0.0155500494 0.0446360123 -0.00942190237 -0.0126947702 0.998878219
1341846234.72594 0.0767556276 -0.053459917 0.0159545094 0.0445785611 -0.0110853075 -0.0113141877 0.998880302
1341846234.75865 0.079337875 -0.0502178347 0.0172158362 0.0461073127 -0.012155305 -0.011071274 0.998801177
1341846234.79392 0.0798738735 -0.0477514303 0.0149330374 0.0456465765 -0.0121693112 -0.011445882 0.998817946
1341846234.82611 0.0788916091 -0.0485993908 0.0151841944 0.0446307315 -0.0119355556 -0.0117045037 0.998863677
1341846234.86234 0.0793080281 -0.0520174077 0.0183366715 0.0442918104 -0.012340176 -0.0112364696 0.998879221
1341846234.89398 0.0758066839 -0.0532817865 0.0165145089 0.0453046362 -0.0124114749 -0.0111611119 0.998833757
1341846234.92639 0.077110444 -0.0494903599 0.0166166016 0.0465313555 -0.012656478 -0.0118966358 0.998765797
1341846234.962 0.074294204 -0.0506022651 0.016674722 0.0468877871 -0.0121853213 -0.0128764494 0.998742835
1341846234.99413 0.0719891686 -0.0509241465 0.015856623 0.0474003432 -0.0124071837 -0.0135388674 0.998707148
1341846235.02647 0.0735600899 -0.045404471 0.0140146661 0.04679115 -0.0133830249 -0.0141981203 0.998714121
1341846235.06193 0.0742675609 -0.0481690281 0.0148337911 0.0447289109 -0.0132026315 -0.0149289959 0.99880035
1341846235.09408 0.0750897725 -0.0498095242 0.0162393234 0.043780836 -0.0132567399 -0.0147601282 0.99884415
1341846235.13008 0.0708255891 -0.0547412832 0.0160302436 0.0435720951 -0.0131558754 -0.0144025426 0.998859831
1341846235.16247 0.0723695739 -0.0540746081 0.0158289559 0.0447144681 -0.0147537363 -0.0133711611 0.998801359
1341846235.19393 0.0748786681 -0.052160421 0.0160555002 0.0458123124 -0.0157236796 -0.0130245979 0.998741387
1341846235.22995 0.076124722 -0.0514554043 0.0174103177 0.0469580221 -0.0151826373 -0.0138406252 0.998685571
1341846235.26183 0.0741484797 -0.0526000823 0.018345807 0.0470147715 -0.0153100371 -0.0142654845 0.998674977
1341846235.29414 0.0730829456 -0.0546655734 0.0173057717 0.0476857786 -0.0153359573 -0.0151282944 0.998630066
1341846235.32991 0.0715896491 -0.0511032847 0.0150902445 0.0482367899 -0.0150506523 -0.0162292777 0.998590657
1341846235.36198 0.074629648 -0.0455455982 0.0140563252 0.0472394032 -0.0147456526 -0.0184430545 0.998604455
1341846235.39811 0.0733174424 -0.0469744613 0.015877544 0.0445863853 -0.0143603797 -0.0202596599 0.998696841
1341846235.41403 0.0745582267 -0.0514797927 0.0192015079 0.0438240465 -0.0146716734 -0.0198564048 0.998734158
1341846235.46246 0.0767123246 -0.0493300254 0.0184002551 0.0445687271 -0.0151967964 -0.0201249241 0.998687976
1341846235.49815 0.0715821787 -0.0475399991 0.0163615953 0.0438660994 -0.0141539058 -0.0222931957 0.998688363
1341846235.53005 0.0718886647 -0.0483185989 0.0194542529 0.0427543926 -0.0145330847 -0.0232676557 0.9987089
1341846235.56193 0.0722053191 -0.0522038016 0.0177389553 0.0434139179 -0.0149709335 -0.0231964539 0.998675637
1341846235.59796 0.072091823 -0.0463355654 0.0170749496 0.0446533376 -0.0151071173 -0.0235471776 0.998610727
1341846235.63017 0.0694285393 -0.0479902901 0.0166828104 0.0432836736 -0.0152028436 -0.0241366965 0.998655505
1341846235.66775 0.0702902248 -0.0545726634 0.0187887013 0.0430843705 -0.0159814039 -0.0232762851 0.998672392
1341846235.70307 0.0713437597 -0.0525571576 0.0174736871 0.0448229771 -0.0163216927 -0.0238631358 0.998576514
1341846235.73042 0.0700525147 -0.050483263 0.0174970238 0.0453812025 -0.0160191448 -0.0253198208 0.998520325
1341846235.76604 0.0698518394 -0.0527422368 0.0189450279 0.0463926326 -0.0160233423 -0.0259803585 0.998456808
1341846235.79795 0.0698848671 -0.0536430965 0.0145425745 0.0473704038 -0.0165340654 -0.0254453117 0.998416349
1341846235.83397 0.0705559585 -0.05189978 0.0164341983 0.0481028831 -0.0164463658 -0.0256054845 0.99837868
1341846235.86604 0.0726247596 -0.0500026371 0.0146599672 0.0484372941 -0.016822904 -0.0243435614 0.998387805
1341846235.89801 0.0729560958 -0.0551419335 0.0162581119 0.0480305083 -0.0165967655 -0.0235152448 0.998431095
1341846235.93411 0.0741778812 -0.0585517014 0.0173895552 0.049558399 -0.0160797927 -0.0219986649 0.998399451
1341846235.96594 0.0753593429 -0.0536580493 0.0168483996 0.0514368132 -0.0153201569 -0.0216133633 0.998324802
1341846235.9979 0.0772137173 -0.0512166573 0.0147001809 0.0512524153 -0.0147175926 -0.0216064063 0.998343501
1341846236.03408 0.0764820186 -0.0559150071 0.0185196789 0.0510493167 -0.013651088 -0.0214767285 0.998371857
1341846236.06586 0.0740423765 -0.0587036591 0.0147646448 0.0520690435 -0.0127462509 -0.0214830309 0.998331021
1341846236.102 0.0753496297 -0.0494798944 0.0121612717 0.0523817658 -0.0130916992 -0.021564299 0.998308439
1341846236.13456 0.0758076581 -0.0531115031 0.0127282392 0.0512005501 -0.0132224906 -0.0210913341 0.998378097
1341846236.16627 0.0760783415 -0.0532220434 0.0153882079 0.0520408961 -0.0133831255 -0.0207887507 0.998338853
1341846236.20203 0.0748303817 -0.0469694563 0.0106440289 0.0519887484 -0.0126497445 -0.0213713567 0.99833883
1341846236.2339 0.0737415387 -0.0497446293 0.0114313136 0.0495960439 -0.0123296433 -0.021726947 0.998456885
1341846236.26594 0.0737766692 -0.0520512119 0.0131160872 0.0493077154 -0.0120961903 -0.0206095162 0.998497711
1341846236.30202 0.0753018243 -0.0533695247 0.0124869073 0.0495045364 -0.0122667774 -0.0197784151 0.9985027
1341846236.33376 0.073895056 -0.0504283723 0.0106550558 0.04987324 -0.0118029388 -0.0206034535 0.998473259
1341846236.36996 0.0764872902 -0.0519209617 0.0115627901 0.0494172302 -0.0115384416 -0.0209680294 0.998491434
1341846236.40197 0.0771377891 -0.0490116534 0.0115363701 0.0496815153 -0.0109352858 -0.0208567201 0.998487438
1341846236.43384 0.0743495979 -0.0520774405 0.0117629934 0.0495371182 -0.0103161494 -0.0214567555 0.998488487
1341846236.46996 0.0765934376 -0.0514486675 0.0140880303 0.0504563492 -0.0101565125 -0.0218742496 0.998435035
1341846236.50196 0.0799801555 -0.0493184667 0.0107952006 0.0512912448 -0.00997038061 -0.0207679773 0.998417994
1341846236.53477 0.0769466456 -0.0474262963 0.0105573696 0.050359231 -0.00898519083 -0.0199585891 0.998491296
1341846236.56998 0.0783101777 -0.0538228576 0.011376403 0.0491873941 -0.00853076677 -0.0178232072 0.998594091
1341846236.60191 0.0763742923 -0.0501399415 0.0106644775 0.0507307628 -0.00795128273 -0.0171080623 0.998534166
1341846236.6379 0.0800807297 -0.0498988745 0.00794351893 0.0495353644 -0.0076280367 -0.0176937584 0.998586497
1341846236.66984 0.0808119939 -0.0488314375 0.00823043846 0.047514099 -0.00677728755 -0.0183847625 0.998678366
1341846236.70212 0.0796784539 -0.056358557 0.0128930836 0.0465127126 -0.00528478976 -0.0190538524 0.998721978
1341846236.73855 0.077642499 -0.0719340818 0.00815304994 0.0491865215 -0.0044806429 -0.0173481187 0.998628886
1341846236.76992 0.0766345512 -0.070553013 0.013750329 0.0587059612 -0.0056495404 -0.0142563578 0.998157527
1341846236.80621 0.0782335728 -0.0628113187 0.014796694 0.0621235926 -0.00693269799 -0.0140989012 0.997944797
1341846236.84431 0.0825861436 -0.0579113763 0.0145580237 0.0625381868 -0.00738928399 -0.0143365662 0.997912239
1341846236.87658 0.0793619256 -0.0521560857 0.0111399845 0.0622070639 -0.00653003315 -0.0165551675 0.997904588
1341846236.91227 0.0777026349 -0.0515356439 0.0136783358 0.0591093121 -0.00633333777 -0.0183092461 0.9980635
1341846236.94451 0.0775112364 -0.0610770292 0.0143590542 0.0579496839 -0.00660611975 -0.0171647547 0.998150071
1341846236.97582 0.0769104397 -0.0629288571 0.010059728 0.0596186466 -0.00651240998 -0.0158891399 0.998073515
1341846237.01185 0.0819354944 -0.0547701142 0.0123734094 0.0600754191 -0.00665038143 -0.0162908253 0.998038739
1341846237.04386 0.0860800417 -0.0597509313 0.0124208048 0.0586982899 -0.00602656882 -0.0170923482 0.998111238
1341846237.07589 0.0794244947 -0.0642309923 0.0134878363 0.0589196129 -0.00520441753 -0.0152420543 0.998132793
1341846237.11189 0.0802160308 -0.0661771747 0.0131289815 0.0615114788 -0.00642589247 -0.0138522118 0.99798956
1341846237.14387 0.0802765581 -0.0636425512 0.00870612734 0.0639149133 -0.00683415491 -0.0131077262 0.997845863
1341846237.17584 0.0769821601 -0.0556184145 0.00898276299 0.0643761116 -0.00671352827 -0.0130561276 0.99781771
1341846237.21222 0.0805886338 -0.0580818687 0.00889743646 0.0620990333 -0.00688714626 -0.0131753287 0.997959262
1341846237.2439 0.0829888025 -0.065633675 0.0135086584 0.0619420772 -0.00620594588 -0.0122759597 0.997984953
1341846237.28053 0.0792171509 -0.0591354071 0.00899618341 0.0640422254 -0.00549025613 -0.0112062365 0.997869165
1341846237.31237 0.078135417 -0.0606459975 0.0123237301 0.0631282391 -0.006245037 -0.0106447172 0.997929113
1341846237.34386 0.0802292664 -0.0617560436 0.011997108 0.0634309945 -0.00670590162 -0.00928503446 0.997920502
1341846237.37999 0.0815135778 -0.0562013942 0.0106425605 0.0637922996 -0.00640030682 -0.0090587534 0.997901557
1341846237.41197 0.0766242831 -0.0528172044 0.0093883609 0.0626163063 -0.00586613079 -0.00963297285 0.997973944
1341846237.44381 0.0759338357 -0.0522471228 0.0112240993 0.0610590379 -0.00570375746 -0.0117584934 0.998048595
1341846237.47992 0.0788965064 -0.0537791394 0.00729434119 0.0593538044 -0.00513044242 -0.0133618614 0.998134392
1341846237.51187 0.0742911383 -0.0513708394 0.0110653869 0.0581334396 -0.0047381855 -0.0145373739 0.998191724
1341846237.54792 0.0724284304 -0.0546238107 0.00810055854 0.056167118 -0.00631073472 -0.0134743576 0.998310508
1341846237.57996 0.0731084655 -0.0527614311 0.00835496909 0.0558921791 -0.00711422765 -0.0127922652 0.99832951
1341846237.61187 0.0745740219 -0.0522913087 0.0093164763 0.0553830716 -0.00785595295 -0.0121100274 0.99836083
1341846237.64822 0.0730957806 -0.0537800704 0.00863292253 0.0546534429 -0.00818450936 -0.0124728816 0.998393931
1341846237.68048 0.0734841353 -0.056804064 0.00791890025 0.0538784883 -0.00897985925 -0.0113394191 0.998442732
1341846237.71221 0.0730972972 -0.0575519171 0.00937667981 0.0542958834 -0.00967213004 -0.0103881591 0.998424005
1341846237.74789 0.0724457007 -0.0553769787 0.00997742593 0.0561279506 -0.00995790988 -0.0105245256 0.99831845
1341846237.77985 0.0693721397 -0.0530026965 0.00848288351 0.0569021319 -0.00986992416 -0.0107555258 0.998273034
1341846237.81594 0.0660440155 -0.0500474201 0.00728737317 0.0560440711 -0.0104143355 -0.010130343 0.998322583
1341846237.84799 0.0688667202 -0.0496691714 0.00820295262 0.0548352451 -0.0119111786 -0.00932259447 0.998380844
1341846237.87979 0.0692205679 -0.0484876323 0.00659130447 0.0542782994 -0.0122699305 -0.00972197547 0.998403124
1341846237.91631 0.0696186192 -0.0478039705 0.00754280658 0.0533401282 -0.01283679 -0.0101146699 0.998442658
1341846237.96299 0.0737836899 -0.0478280482 0.00876341526 0.0527652717 -0.0137437884 -0.0100245596 0.998462039
1341846237.97809 0.0697772571 -0.0516327748 0.00813699713 0.0519072091 -0.0129206719 -0.0098766438 0.998519479
1341846238.01009 0.0688892743 -0.0481459 0.00735655853 0.0515327693 -0.0127573954 -0.0106299135 0.998533238
1341846238.046 0.0692736695 -0.047759796 0.00769906927 0.0502301955 -0.0127843586 -0.0102378531 0.998603362
1341846238.07799 0.069130329 -0.0451248015 0.00911303649 0.0495499762 -0.0129470794 -0.0103343411 0.998634255
1341846238.10982 0.0685169881 -0.049173365 0.0104872411 0.0489858827 -0.0127512933 -0.0104789545 0.998663096
1341846238.14584 0.0706574238 -0.0535360623 0.0117000615 0.0497300987 -0.0128118306 -0.0105206091 0.9986251
1341846238.17795 0.0687562049 -0.0480018617 0.00966097845 0.0510092289 -0.0117698826 -0.0117012789 0.998560268
1341846238.20996 0.0691262287 -0.0462193534 0.0102088659 0.0492539422 -0.0116802782 -0.0128829931 0.998634893
1341846238.24634 0.070316465 -0.0506150486 0.00967823741 0.0483415055 -0.0116933009 -0.0124123612 0.998685285
1341846238.27847 0.0715965956 -0.0514041695 0.00908427289 0.0488808268 -0.0117145638 -0.0120058432 0.998663754
1341846238.33 0.0705678599 -0.0457984183 0.00969721505 0.0497952029 -0.0110698402 -0.0134396089 0.998607667
1341846238.34595 0.0688423491 -0.0470627835 0.0105523997 0.0491593321 -0.0102548552 -0.0150175333 0.998625391
1341846238.37799 0.0715520401 -0.0556103236 0.010890684 0.0490368116 -0.011017749 -0.0144023896 0.998632351
1341846238.41389 0.0709635098 -0.0541228763 0.00929456473 0.0505112282 -0.0117159805 -0.0141018994 0.9985552
1341846238.44605 0.0702527953 -0.0474523209 0.0106342808 0.0516810049 -0.0116120409 -0.0152793959 0.998479231
1341846238.47823 0.0714094606 -0.049498475 0.0101493219 0.0508678034 -0.0115269466 -0.016190764 0.998507614
1341846238.51534 0.0703718045 -0.0544787607 0.0129999308 0.050721058 -0.0114844465 -0.0165062626 0.998510403
1341846238.54592 0.0692560547 -0.0523189923 0.0117879327 0.0521282594 -0.0119794386 -0.0161876184 0.998437328
1341846238.58788 0.0742724863 -0.0541875381 0.00967405676 0.0524806975 -0.0124872442 -0.016564978 0.998406454
1341846238.60093 0.0730494976 -0.0482933615 0.00968397551 0.0531654833 -0.0113930744 -0.0170414465 0.998375289
1341846238.64597 0.0682091692 -0.0502617777 0.00945368426 0.0513150472 -0.0106501368 -0.0169548955 0.998481784
1341846238.68194 0.0708758382 -0.0540812076 0.00938774765 0.0503202164 -0.0112631969 -0.0163313779 0.99853608
1341846238.71394 0.0719004247 -0.0535930624 0.0102938491 0.0511090626 -0.011361377 -0.015684157 0.998505278
1341846238.74594 0.0713501617 -0.0502961277 0.00851285338 0.0522763802 -0.0114250482 -0.0147212293 0.998458779
1341846238.78196 0.0698424269 -0.0476167313 0.0103503876 0.0516259191 -0.0117122728 -0.0152453392 0.99848143
1341846238.81387 0.0744103424 -0.0509176578 0.0115579529 0.0500393731 -0.0118823145 -0.0156579382 0.998553805
1341846238.84995 0.0703852342 -0.0510918377 0.0123212795 0.0488373466 -0.0108756292 -0.0164528209 0.998612006
1341846238.88193 0.0700512169 -0.0579602195 0.0163678514 0.0485737809 -0.0119251487 -0.0154196323 0.998629367
1341846238.91401 0.0693833509 -0.0620600927 0.0150614438 0.0504651867 -0.0136390937 -0.012970905 0.998548444
1341846238.94992 0.0697882664 -0.0663239264 0.0145973913 0.0534784295 -0.0152498726 -0.011117746 0.998390652
1341846238.96594 0.0719420153 -0.0607336025 0.0130137184 0.0565537682 -0.0157490872 -0.0124607072 0.99819756
1341846239.01795 0.072122446 -0.0574746752 0.0122495731 0.0571534544 -0.0152868773 -0.0155309246 0.998127539
1341846239.05005 0.0719190329 -0.0577591736 0.0108577577 0.0571830679 -0.0146380596 -0.0167151743 0.99811644
1341846239.08191 0.0723872109 -0.0579204546 0.0130410719 0.0577235861 -0.0148879194 -0.0177949127 0.998062963
1341846239.11787 0.0746031571 -0.0595246481 0.011040317 0.0582484546 -0.0148900724 -0.0187773936 0.998014435
1341846239.14998 0.0686899114 -0.053340301 0.011605075 0.0595885103 -0.013268275 -0.0199261458 0.997935925
1341846239.18191 0.0670609724 -0.051489086 0.00891955963 0.058816334 -0.012860722 -0.0195952329 0.997993621
1341846239.21816 0.0652022876 -0.0502110174 0.0106855595 0.0571944989 -0.0130357478 -0.020234513 0.998072855
1341846239.25002 0.0702910296 -0.0482831507 0.0116189584 0.0562186202 -0.0131076603 -0.0199009131 0.998134064
1341846239.28595 0.0690475538 -0.0528575397 0.012485762 0.0546095687 -0.0122193286 -0.019835546 0.998235961
1341846239.31874 0.0687810723 -0.0476706637 0.0117449197 0.0540815457 -0.0115327232 -0.019978322 0.998270028
1341846239.34998 0.0696992437 -0.0487888657 0.0131157412 0.052453537 -0.0113475354 -0.018868309 0.998380612
1341846239.38602 0.072375658 -0.0507762829 0.0122250578 0.0522499184 -0.0111580472 -0.0180279036 0.998408954
1341846239.41799 0.0689696752 -0.0503274225 0.0139734962 0.0524796354 -0.0108092467 -0.017881377 0.998403378
1341846239.45013 0.0705502938 -0.0481909786 0.0121765725 0.0519937139 -0.0110389364 -0.0178832468 0.998426254
1341846239.48599 0.0706740971 -0.0493555122 0.0138065811 0.0507855192 -0.0108571152 -0.0171183173 0.998503839
1341846239.51792 0.0691033759 -0.0499555159 0.0140422446 0.0493829694 -0.0101879634 -0.0169477843 0.998584148
1341846239.55401 0.0707395965 -0.0456556415 0.0153211378 0.0492100596 -0.0103852061 -0.0160147876 0.998606051
1341846239.58592 0.068572716 -0.0498092173 0.0165782583 0.0475106653 -0.0100353114 -0.0155646775 0.998699039
1341846239.61798 0.0687307873 -0.0505790728 0.0191495013 0.0476174492 -0.0100066205 -0.014651109 0.998708061
1341846239.65395 0.0686552923 -0.0508100083 0.0167212622 0.0486295327 -0.0100922934 -0.0141629329 0.998665472
1341846239.68586 0.0700790881 -0.0494398016 0.016843021 0.0490369739 -0.0105584842 -0.0134627674 0.998650413
1341846239.71793 0.0723572829 -0.0449630176 0.0168495942 0.0492190108 -0.0113560838 -0.0130552886 0.998638117
1341846239.75387 0.0723911028 -0.0485306804 0.0172438049 0.0487480711 -0.0113715459 -0.0126802732 0.998665872
1341846239.78593 0.0698081373 -0.0436058728 0.0145264486 0.048611353 -0.0111031291 -0.0127988741 0.998674044
1341846239.82195 0.0696699532 -0.0528756753 0.0162983196 0.0470873801 -0.0117570347 -0.0127117567 0.998740688
1341846239.85434 0.0688009636 -0.0512255664 0.0173582127 0.0487161203 -0.0119101653 -0.0121288023 0.998668003
1341846239.89182 0.0674709334 -0.0474193748 0.015982204 0.0489786464 -0.0118660511 -0.0128525897 0.998646634
1341846239.90682 0.0678355758 -0.04562817 0.0178135747 0.0481091524 -0.0117791076 -0.0135988813 0.998680045
1341846239.95419 0.068086231 -0.0503874836 0.0200685681 0.0480473968 -0.0117773525 -0.0134299607 0.998685325
1341846239.98601 0.0679001038 -0.0499975137 0.0172976541 0.0485703802 -0.0121696547 -0.013765507 0.998650754
1341846240.02206 0.0693141566 -0.0492836026 0.0159361553 0.0486462454 -0.0127675671 -0.0154692798 0.998614657
1341846240.05401 0.0680527361 -0.0517225283 0.018696966 0.0490254484 -0.0122735351 -0.0160409406 0.998593288
1341846240.08988 0.0675002671 -0.0507406409 0.0188710727 0.0503708295 -0.0123725414 -0.0157727281 0.998529379
1341846240.12182 0.088762907 -0.0538274911 0.00439961677 0.0503196353 -0.0155462728 -0.0158834615 0.998485835
1341846240.15987 0.0934921629 -0.055203924 0.00328346928 0.0517809478 -0.0159836731 -0.0163729284 0.998396306
1341846240.19591 0.0746070045 -0.0563750872 0.0114839479 0.0524556906 -0.0129594575 -0.0180651415 0.998375733
1341846240.22802 0.0697421258 -0.0550129247 0.0153257798 0.0527296089 -0.0125889795 -0.0180878815 0.998365632
1341846240.27497 0.0692090609 -0.0560480025 0.0188425216 0.0531440749 -0.0130229721 -0.0177833859 0.998343558
1341846240.29004 0.0697429294 -0.0565821826 0.0183775196 0.0539241532 -0.0130864067 -0.0168974476 0.998316287
1341846240.32222 0.0676220588 -0.0539791062 0.0153840848 0.0539090196 -0.0131543279 -0.0172391444 0.998310369
1341846240.35795 0.0679873604 -0.0533770044 0.0147918943 0.0530957497 -0.0137476453 -0.0163299104 0.998361246
1341846240.37401 0.0660996697 -0.0590131166 0.0181390656 0.0533363464 -0.0137821954 -0.0166290755 0.998343007
1341846240.42224 0.0694509571 -0.0546477534 0.0158693163 0.0553692639 -0.0139551752 -0.0174424097 0.998216039
1341846240.45844 0.0675754697 -0.0552453987 0.0155373605 0.0554954572 -0.0141623484 -0.0184700315 0.998187628
1341846240.4905 0.0650680859 -0.0526980033 0.0164692302 0.0555941083 -0.0147169075 -0.0178600579 0.998185216
1341846240.52598 0.0670124963 -0.0593763107 0.0172157258 0.0553004401 -0.0156464386 -0.0186456091 0.998173027
1341846240.5579 0.0689657285 -0.0568093779 0.0149706197 0.0568345509 -0.0158343316 -0.0197679683 0.99806229
1341846240.59047 0.0669971407 -0.0561241382 0.0161359805 0.0572603082 -0.0158512924 -0.0201554796 0.998029935
1341846240.62621 0.0668573079 -0.056981037 0.0156111029 0.0574159094 -0.0163182637 -0.0202283874 0.998011994
1341846240.65797 0.0639078893 -0.0623507513 0.0152572745 0.0570481193 -0.01640379 -0.0210236363 0.998015248
1341846240.68983 0.0631876215 -0.059500162 0.0169783636 0.0585703492 -0.0164631531 -0.0216106743 0.997913552
1341846240.72591 0.0637107182 -0.053367858 0.0170093107 0.0591028392 -0.0169699296 -0.0210830325 0.997884954
1341846240.75826 0.0640878765 -0.0618701317 0.0189197408 0.0582700225 -0.017453099 -0.0211780914 0.997923585
1341846240.79403 0.0669422082 -0.0582007616 0.0157747784 0.0600647673 -0.0180461089 -0.0201835045 0.997827233
1341846240.82608 0.0663878385 -0.0553585159 0.014944626 0.0612066344 -0.0179078045 -0.020821032 0.997747234
1341846240.85816 0.0652688091 -0.0512664834 0.0137158549 0.0609379323 -0.0174607218 -0.0210539167 0.997766718
1341846240.89409 0.0679404216 -0.0528862213 0.0148920901 0.0595635128 -0.0179462096 -0.0206111308 0.997850341
1341846240.92599 0.0659296275 -0.0532864645 0.0132278859 0.0590553737 -0.0175829191 -0.020343561 0.997892501
1341846240.95809 0.0645608989 -0.0516047084 0.0147288539 0.0590434566 -0.0175113017 -0.0202177165 0.997897023
1341846240.9941 0.0648036704 -0.0526502887 0.0122186931 0.058484035 -0.0175415553 -0.020128926 0.997931229
1341846241.02605 0.0738971015 -0.0535129511 0.00975937251 0.0593891535 -0.018885291 -0.0188186427 0.997878817
1341846241.06247 0.0865599356 -0.0497071887 -0.00059722249 0.0607482693 -0.0204593883 -0.0173988323 0.997791733
1341846241.09438 0.0951422225 -0.0448996595 -0.0101939063 0.0602258878 -0.0215059937 -0.0175644547 0.997798489
1341846241.12608 0.106509268 -0.042376983 -0.00389265303 0.0604799454 -0.0238627412 -0.0183457536 0.99771548
1341846241.16788 0.117958318 -0.0357610586 -0.00545383907 0.0629495097 -0.0257508171 -0.0200513607 0.997482931
1341846241.18107 0.106284615 -0.0427989455 -0.0103058562 0.0615520451 -0.0235759962 -0.0202707728 0.997619474
1341846241.23014 0.11974719 -0.0387391799 -0.0172153546 0.0618107913 -0.0258312735 -0.0213543383 0.997525019
1341846241.26189 0.133855198 -0.0372311181 -0.0240055867 0.062564275 -0.0285489694 -0.0212584541 0.997406009
1341846241.29522 0.140482641 -0.0436701974 -0.0253796207 0.0617315768 -0.0296995276 -0.021513779 0.997418823
1341846241.32983 0.146669045 -0.0513069656 -0.0154726211 0.0598177007 -0.0303787341 -0.023341228 0.997473891
1341846241.362 0.147573406 -0.0540340144 -0.00790716268 0.0594628912 -0.0298920774 -0.0228087514 0.997522125
1341846241.39402 0.0756158725 -0.0498540087 0.00118785663 0.0594737549 -0.0182114903 -0.0256709446 0.99773354
1341846241.43014 0.0810379074 -0.0470465833 -0.00084977436 0.0602241745 -0.0190413474 -0.026026699 0.997663815
1341846241.46203 0.0742681513 -0.0500364212 0.00584568453 0.0597796662 -0.0179797275 -0.0269353048 0.997686128
1341846241.49791 0.0690896864 -0.0510254586 0.0101668817 0.059709119 -0.0169774733 -0.0265031302 0.997719485
1341846241.52994 0.0658798017 -0.0540200955 0.0110877551 0.0587646583 -0.0163797638 -0.0269112841 0.997774624
1341846241.56278 0.0647812706 -0.0535189789 0.0133687931 0.0583449893 -0.0163152366 -0.0271811745 0.997792994
1341846241.5987 0.0623136419 -0.0571759011 0.0156821661 0.0579753383 -0.0157758803 -0.0276701837 0.997809773
1341846241.63001 0.0589888812 -0.0586317231 0.0173233406 0.057648044 -0.0149469933 -0.0279263257 0.99783436
1341846241.66225 0.0567510087 -0.0587774403 0.0191467152 0.0577218341 -0.0145512477 -0.0280601834 0.997832189
1341846241.69811 0.0543337378 -0.0596643096 0.019121348 0.0577490926 -0.0138940186 -0.0279265562 0.997843728
1341846241.72986 0.0525641108 -0.058320467 0.0188230753 0.057711811 -0.0137532461 -0.0280069614 0.997845582
1341846241.76583 0.13724196 -0.0557577786 0.00373788657 0.0590255258 -0.02746864 -0.0258518605 0.997543554
1341846241.79801 0.0663637368 -0.0537349671 0.00794423277 0.0594318153 -0.0167614222 -0.0269428316 0.997727918
1341846241.83025 0.0652046629 -0.0548625714 0.00647634717 0.0594476801 -0.0165653201 -0.0270446476 0.997727493
1341846241.86588 0.0618642533 -0.051874359 0.00806617655 0.059646814 -0.0162229767 -0.0272860731 0.99771466
1341846241.89816 0.0607373411 -0.0533137931 0.00990933921 0.0596762414 -0.0162162395 -0.0268525982 0.997724771
1341846241.92992 0.062091437 -0.054306586 0.00767530798 0.0602278948 -0.0161565815 -0.0276146991 0.997671787
1341846241.96589 0.0617478638 -0.0501866633 0.00555781829 0.0603676195 -0.015807091 -0.0282122826 0.997652221
1341846241.99802 0.0642805428 -0.0527720637 0.00583270791 0.0600145254 -0.0160289117 -0.0283447689 0.997666229
1341846242.03403 0.0651437267 -0.0546812967 0.00741089382 0.0603535981 -0.0162657172 -0.0279382539 0.997653409
1341846242.06638 0.0652667188 -0.0535258769 0.00678955067 0.0610860513 -0.0161752082 -0.0284082713 0.997597026
1341846242.09792 0.0659058339 -0.0564016933 0.00443384805 0.0616357009 -0.016112433 -0.0274572186 0.997590864
1341846242.13399 0.0631413481 -0.0558634525 0.00723074526 0.0625552365 -0.0159952737 -0.0267211037 0.9975555
1341846242.1659 0.0614959288 -0.0544018955 0.00583419766 0.0632264932 -0.0155580163 -0.0270471977 0.997511307
1341846242.19793 0.0642996929 -0.0557577314 0.0077206037 0.0634057901 -0.0157805206 -0.0277709878 0.997476543
1341846242.2345 0.0642371978 -0.0556424202 0.00718021604 0.0647775154 -0.0157130101 -0.0277014052 0.997391401
1341846242.27003 0.0622671991 -0.0533509995 0.0113965206 0.0660222621 -0.0155916363 -0.0275663683 0.997315425
1341846242.30201 0.066439201 -0.0537098415 0.00754419896 0.0655555396 -0.0153412651 -0.0284113669 0.997326381
1341846242.334 0.0653412598 -0.0567109279 0.0077558325 0.0653730505 -0.0151586972 -0.0278194122 0.997357839
1341846242.36601 0.065349586 -0.0546297275 0.00770851007 0.0664226754 -0.0151473362 -0.0277281499 0.997291199
1341846242.40192 0.0654095372 -0.0537650557 0.00667496913 0.0662648073 -0.0154618699 -0.0275729507 0.997301177
1341846242.43395 0.0661348906 -0.0548963283 0.00748455926 0.0663333595 -0.0153984454 -0.0279383668 0.997287431
1341846242.46991 0.0688420502 -0.0556616368 0.00701476971 0.0674000235 -0.0151609928 -0.027875914 0.997221297
1341846242.50198 0.0672502507 -0.0547496762 0.00263853496 0.0678197252 -0.0150376297 -0.0281875106 0.99718595
1341846242.53407 0.0665703977 -0.0532837307 0.00337060944 0.0673033377 -0.0150885455 -0.0290521282 0.997195352
1341846242.56994 0.0635315418 -0.0528263231 0.00509169284 0.0671995544 -0.0144645047 -0.0295541591 0.997196846
1341846242.60201 0.0629461837 -0.0504644221 0.00490826528 0.0674859096 -0.0142329818 -0.0288448891 0.997201608
1341846242.63409 0.0637518391 -0.051079001 0.00526300957 0.0665541069 -0.0145582613 -0.0286648451 0.997264726
1341846242.67024 0.0630599199 -0.0512991804 0.00606353839 0.0658428859 -0.0142800136 -0.0288245237 0.997311357
1341846242.70195 0.0619249375 -0.046991139 0.00539458845 0.0662516438 -0.013950225 -0.0288456357 0.997288344
1341846242.73801 0.0625578026 -0.0510115295 0.00383148569 0.0652273434 -0.0145876772 -0.0290019383 0.997342209
1341846242.76995 0.0651901991 -0.0513136721 0.00346710002 0.0659121674 -0.015172893 -0.0287240564 0.997296495
1341846242.8081 0.064721936 -0.0503476722 0.00124853514 0.0663357149 -0.0149735122 -0.0293432699 0.997253398
1341846242.823 0.0629431212 -0.0491660603 0.00109666734 0.0656263771 -0.0147808065 -0.0301136097 0.99728024
1341846242.86995 0.064793736 -0.050551874 0.0022295127 0.0647909204 -0.0152549564 -0.030407667 0.997318804
1341846242.90245 0.0638992032 -0.0508095292 0.00369428557 0.064917753 -0.0149331554 -0.030641957 0.997308256
1341846242.93809 0.0617447751 -0.0490645322 0.00229560598 0.0655910287 -0.0150657216 -0.0309641032 0.997252258
1341846242.96997 0.061046263 -0.0499815884 0.0024174159 0.0662195226 -0.0154802821 -0.0306820038 0.997213092
1341846243.0061 0.0612884251 -0.0478840405 0.00099521402 0.0673139266 -0.0157811967 -0.030400355 0.997143725
1341846243.03813 0.0616196701 -0.0467454179 0.00176737059 0.0670995818 -0.0163621876 -0.0303015621 0.997151814
1341846243.07006 0.0601456959 -0.0456642311 -0.00106073149 0.0661932376 -0.0165458528 -0.0310534842 0.997186227
1341846243.10607 0.0634512172 -0.0472043959 -0.00043862005 0.0649249745 -0.0170449491 -0.031316143 0.997252985
1341846243.13791 0.0630537176 -0.0485836115 -0.000926556756 0.0652359704 -0.0166349994 -0.0305280943 0.997264047
1341846243.16999 0.0609327691 -0.046701758 -2.2773985e-05 0.0655008254 -0.016668146 -0.0306000308 0.997243928
1341846243.20601 0.0643833644 -0.0485696443 -0.00250328781 0.0650686445 -0.0169959698 -0.0314382044 0.997240617
1341846243.23801 0.0620942246 -0.0478861893 -0.00304362503 0.0641639489 -0.0160853471 -0.0323196444 0.997286162
1341846243.27403 0.0619324402 -0.0480353969 -0.00273659579 0.0639772177 -0.0156603904 -0.0324856926 0.997299528
1341846243.30589 0.0700625238 -0.0503602601 0.00415815577 0.0647218475 -0.0163362943 -0.0331336684 0.997219318
1341846243.33803 0.0653398644 -0.0540274656 -0.00569070325 0.065007337 -0.0160335682 -0.0327167417 0.997219427
1341846243.37436 0.0636770309 -0.0524558524 -0.00681907551 0.0662061182 -0.0158760225 -0.0323795121 0.997154085
1341846243.40587 0.0630299802 -0.0530779915 -0.00641828942 0.0664610405 -0.0164691781 -0.0320563352 0.997137948
1341846243.4422 0.0637941724 -0.0526633526 -0.00868287091 0.0665989781 -0.0167369365 -0.0321029262 0.997122787
1341846243.47391 0.0645169033 -0.0532607258 -0.00841322476 0.0668326158 -0.0166861942 -0.0321270813 0.997107227
1341846243.50587 0.0637598588 -0.0507577187 -0.00780312046 0.0671214603 -0.016959852 -0.0322541018 0.997079107
1341846243.54201 0.0639071164 -0.0522178421 -0.00989320735 0.0665543113 -0.017097206 -0.0324446836 0.997108596
1341846243.57407 0.0652083262 -0.0528988998 -0.00946834884 0.0664968852 -0.0167820937 -0.0318917204 0.99713562
1341846243.60585 0.0650624342 -0.0552817375 -0.0083550684 0.0665943276 -0.0163269402 -0.0316921379 0.997143036
1341846243.64202 0.0644227046 -0.0508075997 -0.00743883993 0.067975228 -0.0160654745 -0.0316310515 0.997056039
1341846243.67393 0.0642634956 -0.0504021285 -0.00741098261 0.0676659443 -0.01607419 -0.0320359041 0.997064011
1341846243.71011 0.0638699305 -0.0516603596 -0.00754425972 0.0678324166 -0.0156830034 -0.0320022092 0.997060011
1341846243.74223 0.0631944909 -0.0502688096 -0.00877304461 0.0679632016 -0.0159818843 -0.0322449046 0.997038539
1341846243.77413 0.0642081572 -0.0509470649 -0.0080284949 0.0671684302 -0.0162334112 -0.0328218906 0.997069507
1341846243.8099 0.0641838329 -0.0515682412 -0.0084576654 0.066818091 -0.0158363861 -0.032603579 0.997106593
1341846243.84199 0.0645169208 -0.0519660777 -0.00729241108 0.0672468083 -0.0160637989 -0.0315971227 0.997106535
1341846243.87408 0.0656609094 -0.0537751026 -0.00768986934 0.0676773062 -0.0167428216 -0.0311005369 0.997081851
1341846243.91003 0.0663721777 -0.054265752 -0.00807074531 0.0683558103 -0.016888043 -0.0315713269 0.997018319
1341846243.92598 0.0662852059 -0.050769714 -0.00975503593 0.0696065377 -0.0158940432 -0.0323182932 0.996924188
1341846243.97814 0.0652189353 -0.0503695268 -0.00918482228 0.0684946301 -0.0152994215 -0.0325265254 0.99700373
1341846244.01013 0.0649464038 -0.0513122057 -0.00781839926 0.0675753255 -0.0151403133 -0.032089945 0.997083037
1341846244.04213 0.0661900153 -0.0550037586 -0.00816754912 0.0681208836 -0.0149311173 -0.0307074512 0.997092603
1341846244.07789 0.0678361774 -0.0518940701 -0.00739721596 0.069230764 -0.0150536547 -0.0306176046 0.997017077
1341846244.11591 0.0659281209 -0.0497204676 -0.00878296564 0.0687977472 -0.0148600877 -0.0306519901 0.997048897
1341846244.15185 0.0668253456 -0.0531233993 -0.00735319527 0.0677873233 -0.0148655723 -0.0301044162 0.997134704
1341846244.18434 0.0672076723 -0.0530645019 -0.00844809431 0.0688259341 -0.0147634173 -0.029386215 0.997086497
1341846244.21598 0.0659091281 -0.0505379594 -0.0087026978 0.0690893974 -0.014502101 -0.0294665554 0.99706974
1341846244.25188 0.0654657643 -0.05344689 -0.00785574605 0.0679260488 -0.0145413282 -0.0294856565 0.997148533
1341846244.2839 0.0665936026 -0.0547294233 -0.00815089685 0.068712966 -0.0147163562 -0.0296555021 0.997087011
1341846244.31607 0.0664940282 -0.0538240031 -0.00846293636 0.0694052564 -0.0149029661 -0.0299359665 0.997027908
1341846244.35202 0.0649926762 -0.0519536596 -0.0061355166 0.0694678755 -0.0150190033 -0.030003988 0.997019761
1341846244.38405 0.0652820799 -0.0551029522 -0.0066761906 0.0693710208 -0.0156583377 -0.0292106601 0.997040228
1341846244.41988 0.0670403488 -0.0530920439 -0.00744430197 0.069961018 -0.0159545296 -0.0290108543 0.99700014
1341846244.4519 0.0675070916 -0.0501979148 -0.00833644636 0.0696004246 -0.0152625339 -0.0295728349 0.997019701
1341846244.48388 0.0688687459 -0.0520243167 -0.00756916678 0.0683183193 -0.0148494141 -0.0296703487 0.997111715
1341846244.52017 0.0679945611 -0.0514944828 -0.00724674341 0.0686063765 -0.014002074 -0.0295031188 0.997109158
1341846244.55195 0.0709612981 -0.0511307813 -0.00882478637 0.0695832187 -0.0137256375 -0.0287161401 0.997068285
1341846244.5839 0.0700020163 -0.0492077056 -0.00823455038 0.0701915345 -0.0129120141 -0.0271834957 0.997079478
1341846244.61988 0.0689398144 -0.0492154179 -0.00819557554 0.0699941452 -0.012640322 -0.025503028 0.997141232
1341846244.65185 0.0716946652 -0.0516700539 -0.00810468717 0.070333195 -0.0128871806 -0.0239926331 0.997151702
1341846244.68383 0.0718839885 -0.052537213 -0.00965734694 0.0710869946 -0.0127835586 -0.0228874536 0.997125561
1341846244.71988 0.0738188466 -0.0515090763 -0.00869031043 0.0710891399 -0.0124252592 -0.0228310505 0.99713123
1341846244.75183 0.0753335129 -0.0552420082 -0.00783055551 0.070239472 -0.0119062299 -0.0229966996 0.997193968
1341846244.78867 0.0752918722 -0.0563647097 -0.0069633657 0.0710817274 -0.0114923292 -0.0231109112 0.9971365
1341846244.82056 0.0778380459 -0.0608132592 -0.00564323099 0.0712926058 -0.0111693045 -0.0231631405 0.997123904
1341846244.85227 0.0802824743 -0.0653063404 -0.00554737509 0.0726310394 -0.0106073069 -0.0223650009 0.997051666
1341846244.88788 0.0838341711 -0.0619554234 -0.00711680457 0.0747905627 -0.00977353007 -0.0219410676 0.996909945
1341846244.92009 0.0836690882 -0.0623926614 -0.00538431169 0.0749746053 -0.00840739416 -0.0218767701 0.996909992
1341846244.95263 0.0869585602 -0.0664812607 -0.00343817191 0.0752221873 -0.00797858981 -0.0215832257 0.996901263
1341846244.988 0.0894758584 -0.0660136666 -0.00168683729 0.0758421169 -0.00788266253 -0.0199380196 0.996889318
1341846245.02007 0.090861406 -0.0603013052 -0.000570069879 0.0755965593 -0.00778885201 -0.0193314703 0.996920653
1341846245.05188 0.0912877058 -0.0603640435 0.00228277125 0.0741955471 -0.00696964557 -0.0204588737 0.997009468
1341846245.08825 0.0914213821 -0.0596228374 0.00360201607 0.0730542834 -0.00632911804 -0.0205537068 0.997096063
1341846245.11994 0.0930241491 -0.0615190495 0.00713526611 0.072543455 -0.00625664353 -0.020657183 0.997131678
1341846245.15185 0.0901663384 -0.0625284119 0.00501367838 0.0726553746 -0.00571523884 -0.0213708874 0.997111738
1341846245.1879 0.0893292972 -0.0649605088 0.000712857587 0.0731961997 -0.0054548614 -0.0212410028 0.997076417
1341846245.21986 0.0886309944 -0.059613288 0.00218728274 0.0737879942 -0.00540071577 -0.020673471 0.99704502
1341846245.25604 0.0891198908 -0.0610630385 0.00463855366 0.0728651999 -0.00523136828 -0.0213846658 0.997098787
1341846245.288 0.0886058788 -0.0597864398 0.00791106099 0.0727899408 -0.0049899808 -0.0225042547 0.997080881
1341846245.32017 0.087055747 -0.0608149992 0.0081239607 0.0727334223 -0.00460534805 -0.0236858142 0.997059488
1341846245.35587 0.0864071497 -0.0591042476 0.00519442979 0.0727033184 -0.00505328894 -0.0239736023 0.997052636
1341846245.38793 0.087580244 -0.0625251276 0.00646312657 0.0722553416 -0.00549296738 -0.0241301917 0.997079098
1341846245.42399 0.085661443 -0.0602530319 0.00430520784 0.0729706841 -0.00497822153 -0.0246617857 0.997016696
1341846245.45586 0.0855319488 -0.0619738439 0.00437444168 0.0732070541 -0.00475717245 -0.0254882797 0.996979661
1341846245.48781 0.0842992553 -0.0629376457 0.00578324082 0.073481986 -0.00480221758 -0.0252588571 0.996965058
1341846245.52393 0.0868423313 -0.0590476952 -0.000205273809 0.0739975689 -0.00521083184 -0.0250766487 0.99692947
1341846245.5558 0.081661254 -0.0612121513 0.00410713634 0.0735444075 -0.00433365773 -0.0254622639 0.996957428
1341846245.592 0.0810430881 -0.0628705932 0.00704652935 0.0741878776 -0.00438441282 -0.0250444001 0.996920114
1341846245.62385 0.0832293162 -0.0635122303 0.00763212623 0.0752691632 -0.0050239355 -0.0238600287 0.996865092
1341846245.6559 0.0858490612 -0.0606691867 0.00754188816 0.0758036679 -0.00511665957 -0.023867907 0.99682393
1341846245.69207 0.0864969978 -0.0600315908 0.00940347119 0.0752622132 -0.00453284874 -0.0250671489 0.996838347
1341846245.72453 0.0820549189 -0.0641572281 0.0098715258 0.0750861029 -0.00359466925 -0.0251090082 0.996854399
1341846245.76007 0.0840557133 -0.0637811973 0.0137582704 0.0763850396 -0.00402636308 -0.0239502947 0.996782573
1341846245.79246 0.0849279633 -0.0609213467 0.0157899383 0.076945069 -0.00389757507 -0.0239225186 0.996740678
1341846245.82415 0.0865413064 -0.0623336261 0.0142712931 0.0763082898 -0.00337218224 -0.0234831661 0.996801993
1341846245.86002 0.0834822804 -0.0612883948 0.0141269232 0.0759922743 -0.00248708542 -0.0232000782 0.996835365
1341846245.89189 0.0846553863 -0.0597514268 0.0168000107 0.0752925325 -0.00254707625 -0.0237877814 0.99687446
1341846245.92791 0.0838529064 -0.0650455134 0.0174654847 0.0750488074 -0.001644475 -0.0242759966 0.996882966
1341846245.97307 0.0822899271 -0.0635626558 0.0151646106 0.0759992292 -0.00114983429 -0.0240335152 0.996817529
1341846245.9862 0.0785108631 -0.0629174583 0.0170332628 0.0762168896 -0.00110714914 -0.0238926235 0.996804345
1341846246.02206 0.0769037281 -0.063288463 0.0165601215 0.0766861684 -0.00115545662 -0.0239637372 0.99676659
1341846246.05388 0.0773944086 -0.065979256 0.0113062415 0.0775619314 -0.00132358576 -0.0239800583 0.996698225
1341846246.08592 0.0774079125 -0.0673002466 0.0102381965 0.078812059 -0.00236195092 -0.0234631907 0.996610535
1341846246.12181 0.0749907044 -0.0628128546 0.0115073609 0.0800841943 -0.00324451303 -0.0238526268 0.996497389
1341846246.15396 0.0765090693 -0.0665555391 0.00902433244 0.0805040155 -0.00365796977 -0.0253368978 0.996425494
1341846246.20605 0.0755192563 -0.0634885692 0.00837531795 0.0817640535 -0.00319817785 -0.0266043025 0.996291434
1341846246.22202 0.0743042098 -0.061139856 0.00708231773 0.0812533343 -0.00315139269 -0.0280918854 0.996292533
1341846246.254 0.0746556302 -0.066061904 0.00559573322 0.0807365821 -0.00329993308 -0.0299279532 0.996280599
1341846246.28987 0.0750451258 -0.0649629063 0.00787737483 0.0819461785 -0.00276349659 -0.0301598993 0.996176474
1341846246.32204 0.0746017089 -0.0572648341 0.00774800855 0.0823392452 -0.00164790694 -0.0314855821 0.996105512
1341846246.35398 0.0742929954 -0.056920226 0.00748740693 0.0806618887 -0.000624165751 -0.033171331 0.996189205
1341846246.3899 0.0726852757 -0.0602009729 0.00826385732 0.079119312 0.000411109508 -0.0330191434 0.996318073
1341846246.42186 0.0679959584 -0.0589891927 0.0109704095 0.0797533449 0.00155648474 -0.031742481 0.996307882
1341846246.45794 0.0715295004 -0.0562901395 0.00860029202 0.0792571624 0.00116041778 -0.0291358592 0.996427648
1341846246.49044 0.0730199537 -0.05610264 0.00627881612 0.0781510545 0.00176451133 -0.0279190172 0.996548959
1341846246.52193 0.0823546602 -0.0581240028 0.00427022602 0.0766903308 0.00243812854 -0.026393126 0.996702589
1341846246.55828 0.0849722524 -0.057376792 0.00448076157 0.0762135682 0.00372304412 -0.0265383808 0.996731331
1341846246.58983 0.0746251414 -0.0604293937 0.00851827534 0.0765507805 0.00557686844 -0.0260823199 0.996708879
1341846246.62204 0.0731594095 -0.0586474204 0.0115887936 0.0769692241 0.00546504138 -0.0239937212 0.996729739
1341846246.65805 0.0717889923 -0.0544950952 0.0119612529 0.076927508 0.00511388161 -0.0227082293 0.996764939
1341846246.69003 0.0742499302 -0.0570786832 0.0118295226 0.0761560607 0.00407412271 -0.0235263634 0.996809995
1341846246.72591 0.0749788608 -0.0567701343 0.0127478312 0.076004163 0.00374383689 -0.0240936215 0.996809334
1341846246.7579 0.0745286935 -0.0553540566 0.013458035 0.075419147 0.00380209517 -0.0251089599 0.996828489
1341846246.79 0.0739158635 -0.0565363492 0.0144816917 0.074583658 0.00398355918 -0.0257444202 0.996874432
1341846246.82607 0.0739197481 -0.0589631316 0.015322469 0.0744627695 0.00345052284 -0.0260623726 0.996877195
1341846246.85788 0.0744621318 -0.0612503347 0.0161888261 0.0751799745 0.00302128225 -0.0257611763 0.996832586
1341846246.89395 0.074369643 -0.0571878453 0.0160419508 0.0756399579 0.00241700967 -0.0253475852 0.996810039
1341846246.9259 0.0745014795 -0.0562954623 0.0182021866 0.0751824124 0.00171236521 -0.0250576575 0.996853443
1341846246.9581 0.0739487946 -0.057599868 0.0186553371 0.0750893883 0.00175795911 -0.0251795951 0.996857302
1341846246.99395 0.0750873396 -0.0568072067 0.0198275861 0.0749697883 0.00135356102 -0.0255347885 0.9968579
1341846247.02623 0.075624027 -0.0591277493 0.0189304389 0.0747609033 0.00110500144 -0.027476094 0.996822276
1341846247.05794 0.0742224734 -0.0594168069 0.0192905066 0.0755671619 0.00125417963 -0.0276268353 0.996757136
1341846247.0939 0.0727604468 -0.0590925537 0.0195694704 0.0763923966 0.00104255329 -0.0272157524 0.996705783
1341846247.12604 0.073340883 -0.0586940466 0.0185559503 0.0763457858 0.000308488929 -0.0271700724 0.996711098
1341846247.1621 0.0731015109 -0.0648255326 0.0217729597 0.0766031765 0.000103122339 -0.0260219721 0.996722027
1341846247.19408 0.0781928776 -0.0647307976 0.0200686522 0.079652258 0.000576354378 -0.0237086346 0.996540559
1341846247.22603 0.074796909 -0.0625518606 0.0219087754 0.0809805896 0.00114152891 -0.0226109311 0.996458522
1341846247.26198 0.0799247923 -0.0700382296 0.0207240121 0.0831804008 0.000964968426 -0.0224211145 0.996281779
1341846247.29396 0.0787214331 -0.0660437443 0.0228541063 0.08827475 0.00224044716 -0.022345082 0.995842983
1341846247.326 0.0708994037 -0.0583737595 0.0209787841 0.089982126 0.00279205454 -0.0221507488 0.995693108
1341846247.36196 0.0746859854 -0.0556426519 0.017672306 0.0881030549 0.00103736422 -0.0215751713 0.995877145
1341846247.37801 0.0752578543 -0.0576026694 0.0204773656 0.0859364657 0.000852688639 -0.0215882282 0.996066336
1341846247.43019 0.0719457912 -0.0557220224 0.0214453671 0.0838298996 0.000675623278 -0.0226414717 0.996222593
1341846247.46223 0.0730844086 -0.0621151464 0.0254445848 0.0823657929 -0.000418107248 -0.0235040956 0.996324876
1341846247.49396 0.0774102103 -0.0619217327 0.0251759237 0.0826412267 -0.00126523075 -0.0239573589 0.996290556
1341846247.53004 0.0786496097 -0.0683371581 0.0246200517 0.0827587924 -0.00108803991 -0.0239102696 0.996282137
1341846247.56223 0.0773326515 -0.0701917951 0.0279388331 0.0850287395 -0.000747580804 -0.022662327 0.996120461
1341846247.59418 0.0749130387 -0.0638993452 0.0286559266 0.0872746432 -0.000777254652 -0.0221064176 0.995938672
1341846247.63027 0.0765395108 -0.0565798213 0.0294734844 0.0865762678 -0.00205612104 -0.0215013473 0.996011051
1341846247.66304 0.0827094108 -0.0651134053 0.0324584757 0.0847750453 -0.0030284118 -0.0202996898 0.996188709
1341846247.69795 0.0814069635 -0.0612872369 0.0311218681 0.0858097836 -0.00215697918 -0.0185402093 0.996136682
1341846247.73007 0.078584145 -0.0621155556 0.0305247654 0.0842902154 -0.00287923194 -0.0180939038 0.996272794
1341846247.7625 0.0825265213 -0.0696280575 0.0341933031 0.0843791435 -0.00380260131 -0.0165182458 0.99628954
1341846247.79906 0.0834626399 -0.0648000416 0.0345067142 0.0868535013 -0.00353266295 -0.0149489612 0.996102664
1341846247.83027 0.0831720358 -0.0559147948 0.0317442214 0.086530176 -0.00364924689 -0.014718369 0.996133817
1341846247.86588 0.0871602103 -0.065607359 0.0385385502 0.0838658415 -0.00411568662 -0.0150069478 0.996355546
1341846247.89817 0.0850308058 -0.0696816334 0.037951418 0.0858924855 -0.00247866734 -0.014263643 0.99619922
1341846247.93001 0.0772983594 -0.060022292 0.0330174872 0.0878129037 -0.00323263218 -0.0138186594 0.996035887
1341846247.96602 0.0819176114 -0.0649597126 0.0392483545 0.0864572577 -0.00597178256 -0.0129046396 0.99615408
1341846247.99807 0.0909070675 -0.0691863267 0.0382053272 0.0882097027 -0.00676019386 -0.0115541735 0.996011972
1341846248.03062 0.0875863977 -0.0625564821 0.0389665428 0.0904338628 -0.00570638695 -0.0125834845 0.995806613
1341846248.0659 0.0861232536 -0.0559741195 0.0391907782 0.0896516694 -0.00550516905 -0.0127928286 0.995875803
1341846248.09823 0.0947950952 -0.0662379381 0.0401047346 0.0878155856 -0.00526605978 -0.0134842536 0.996031559
1341846248.13394 0.0953831785 -0.0639896246 0.043799004 0.0899435858 -0.00141282131 -0.0163156927 0.995812208
1341846248.16606 0.0918114255 -0.0570497609 0.0420691468 0.0896630754 0.00106268559 -0.0185504584 0.995798817
1341846248.19821 0.0849456964 -0.0640889671 0.0425628648 0.0877607428 0.00166972513 -0.0187053563 0.995964544
1341846248.23396 0.0918645052 -0.0682883217 0.0428657906 0.0894439711 0.00114898756 -0.0187463157 0.995814758
1341846248.26597 0.0887265527 -0.0580827085 0.043181567 0.0908574849 0.00241508636 -0.020544215 0.995649045
1341846248.29793 0.0858104437 -0.0607777303 0.0396709598 0.0881144967 0.00240502206 -0.0230945103 0.995839693
1341846248.33396 0.087827526 -0.0696373829 0.0430538853 0.0876659104 0.00169461482 -0.0249899776 0.995834985
1341846248.36602 0.0871459557 -0.0681026539 0.0431094315 0.0895231898 0.00174847212 -0.0252780776 0.995662373
1341846248.4021 0.0830222529 -0.0631801965 0.0420302446 0.0896533448 0.00135238582 -0.0243948265 0.995673311
1341846248.43387 0.0913535965 -0.0695309765 0.0422809803 0.0891226749 0.000112590665 -0.0244324862 0.99572094
1341846248.46703 0.091599778 -0.0639010474 0.0425442792 0.0906977955 0.00149884745 -0.025831375 0.995542266
1341846248.50246 0.083968782 -0.0562549023 0.0400145394 0.0893251414 0.0021568875 -0.0268192326 0.995639039
1341846248.53444 0.076272392 -0.0666431419 0.0465451567 0.0860249596 0.000832797889 -0.025964545 0.995954244
1341846248.56598 0.0880411078 -0.0669576008 0.0458052769 0.0880822983 -0.000775487085 -0.0255673798 0.995784724
1341846248.60201 0.0882883499 -0.0569309084 0.0432312252 0.0878256901 0.000436356271 -0.0265711601 0.995781317
1341846248.6403 0.0867554764 -0.0681325264 0.0445761847 0.0856011225 0.000645568323 -0.0260843008 0.995987771
1341846248.67584 0.0916517294 -0.0721116684 0.0433524884 0.0880945739 0.000609904772 -0.0254236856 0.995787432
1341846248.70811 0.0879855763 -0.0684276197 0.0442569846 0.0898009595 0.00212194733 -0.0259588931 0.995619114
1341846248.74009 0.0853178101 -0.0678069428 0.0446975435 0.0893029912 0.0020930697 -0.02589484 0.995665633
1341846248.78907 0.0894657311 -0.0733904734 0.0442598738 0.0903213995 0.000772801766 -0.0260476806 0.995571678
1341846248.80218 0.0885336453 -0.0683027578 0.0441365223 0.0920828655 0.00127588827 -0.0262086254 0.995405559
1341846248.83419 0.0874392443 -0.0697794505 0.0455663617 0.09152637 0.00111663764 -0.0262071778 0.995457111
1341846248.86991 0.0838772616 -0.0734410392 0.0452982276 0.092545083 0.00124598299 -0.0257913584 0.995373629
1341846248.90194 0.0879997704 -0.0726647675 0.0461586455 0.0943839672 0.00101809518 -0.0256507437 0.995204838
1341846248.93804 0.085513454 -0.0661370318 0.045493637 0.0946434203 0.00129802572 -0.0255942842 0.995181326
1341846248.96992 0.0857968964 -0.0680084358 0.0439497092 0.0935515005 0.000644245269 -0.0262403396 0.995268379
1341846249.00197 0.0864494362 -0.0686389302 0.0461351591 0.0931419443 0.000614058062 -0.0264279223 0.995301847
1341846249.038 0.0825699913 -0.0665648408 0.0466683869 0.0934735341 0.0011454687 -0.0257184063 0.995288878
1341846249.06999 0.0850430969 -0.0674611307 0.0455725279 0.0918048233 -0.000252727866 -0.0244162015 0.995477604
1341846249.1059 0.0905145428 -0.0681999505 0.0477345155 0.091774918 -0.000243666015 -0.0247673959 0.995471688
1341846249.1381 0.0888015617 -0.0660810772 0.0474342672 0.0921745603 0.00105356757 -0.0242619099 0.995446684
1341846249.1699 0.0871192595 -0.0700956729 0.0463466224 0.091452932 0.00121225523 -0.0232187477 0.995537936
1341846249.20603 0.0913810629 -0.07211022 0.0471361005 0.0928256878 0.0011748474 -0.0220550623 0.995437384
1341846249.23793 0.0906609875 -0.0633545527 0.0473683706 0.0939053184 0.00278099795 -0.0226939977 0.995318562
1341846249.25397 0.0884138142 -0.0662664482 0.0476134825 0.0919225109 0.00317975129 -0.0227127483 0.99550202
1341846249.3061 0.0921993851 -0.0736487702 0.0469032078 0.0919799105 0.00312970386 -0.0225253111 0.995501136
1341846249.33787 0.0932942758 -0.066940831 0.0487797494 0.0938003202 0.00420644367 -0.0222819411 0.995332769
1341846249.37409 0.0930408033 -0.0636545837 0.0477487745 0.0924957466 0.00451584279 -0.0229497777 0.995438321
1341846249.40594 0.0980335936 -0.0695526318 0.0478536035 0.0910580726 0.00514671517 -0.0235670172 0.995553381
1341846249.43795 0.0954958867 -0.0698373156 0.0484809425 0.0920246868 0.0071681171 -0.0243134671 0.995434041
1341846249.4742 0.0943422544 -0.0635308495 0.0485573241 0.0921186948 0.00735476577 -0.0243967341 0.995421947
1341846249.50596 0.097330395 -0.064694966 0.0500230834 0.0906333404 0.00676741462 -0.0234603132 0.99558496
1341846249.53917 0.0984007577 -0.0671638639 0.0469438125 0.0902514297 0.00717867249 -0.023917008 0.995605907
1341846249.57427 0.09870631 -0.0656682914 0.0443988246 0.089669704 0.00717022209 -0.0234319488 0.995670064
1341846249.60603 0.0968411112 -0.0663475216 0.0460568834 0.0882771666 0.00624897197 -0.0213467811 0.995847582
1341846249.642 0.0989084459 -0.0679662716 0.0453058739 0.0885156006 0.00466978917 -0.0193320014 0.995876225
1341846249.67445 0.0973961463 -0.0606150884 0.0478945801 0.0879055965 0.00384694334 -0.0186080744 0.995947562
1341846249.70632 0.0948279165 -0.0622888569 0.0496443462 0.084954581 0.00312585451 -0.0184589601 0.996208921
1341846249.74203 0.0966089615 -0.0699018093 0.0484943402 0.0838574972 0.00134902329 -0.0162596849 0.996344179
1341846249.77391 0.0925193806 -0.0656835875 0.0474448488 0.0849024641 -0.000272329029 -0.0138606079 0.996292819
1341846249.8061 0.0919165623 -0.0628403534 0.0482583872 0.0841432668 -0.00317468649 -0.0114227348 0.996383136
1341846249.84216 0.0980080703 -0.0633138777 0.0504459964 0.0834810392 -0.00574243278 -0.010211773 0.996440495
1341846249.87393 0.092340795 -0.0656512535 0.0480716169 0.0831108732 -0.00706570368 -0.00880996716 0.996476313
1341846249.91002 0.0900924536 -0.0598868408 0.0472165431 0.0834819692 -0.010390544 -0.00638250016 0.996434675
1341846249.94204 0.0986389867 -0.0612262931 0.0489388707 0.0830414988 -0.0143593904 -0.00399649696 0.996434617
1341846249.97422 0.101219059 -0.0568867672 0.0480951497 0.0839301956 -0.0158630346 -0.00488401525 0.996333394
1341846250.01041 0.09704445 -0.0567617724 0.0474477259 0.0834309878 -0.0168548312 -0.00478251617 0.99635953
1341846250.04204 0.10010995 -0.0591690998 0.0490055506 0.0833479378 -0.0194791034 -0.00315627918 0.996325109
1341846250.07806 0.109308913 -0.0553618486 0.0489521168 0.0857873054 -0.0203165458 -0.00257875621 0.99610297
1341846250.10996 0.10927218 -0.0479707244 0.046989381 0.0860093856 -0.0185042043 -0.00397355422 0.996114547
1341846250.14188 0.107359663 -0.0490572125 0.0487514447 0.0838720134 -0.0168611054 -0.00464350532 0.996323053
1341846250.17783 0.122065075 -0.053185073 0.043437226 0.0837690235 -0.0160891276 -0.00383328398 0.996347929
1341846250.21017 0.118762956 -0.045062844 0.0448923196 0.0849521538 -0.0116384957 -0.00514373637 0.996303778
1341846250.24191 0.116788819 -0.0468913451 0.0432975109 0.0836595408 -0.00894468168 -0.00844293549 0.996418482
1341846250.27788 0.118341273 -0.0458787049 0.0437634039 0.0830604282 -0.00781885147 -0.00988818535 0.996464778
1341846250.31018 0.117917317 -0.0484598422 0.0415929032 0.082159711 -0.00753374003 -0.0102043358 0.996538457
1341846250.34616 0.113410054 -0.0488952847 0.0446245682 0.0822341183 -0.00736225083 -0.0101932964 0.996533714
1341846250.37796 0.115862726 -0.0468096957 0.0454864652 0.0831280518 -0.00762367876 -0.00946768483 0.996464736
1341846250.4103 0.114403081 -0.0503564769 0.044895739 0.0835058515 -0.00763419155 -0.00984193348 0.99642944
1341846250.44604 0.118536311 -0.0494274132 0.0437380432 0.0845269428 -0.00817943507 -0.0110226745 0.99632665
1341846250.47814 0.110050068 -0.045967643 0.0457755284 0.084347953 -0.00728293409 -0.0116628566 0.996341487
1341846250.51017 0.108164512 -0.0513283722 0.0469776855 0.0835822779 -0.00925787361 -0.00977570281 0.996409921
1341846250.54613 0.110398396 -0.0470612688 0.0509771149 0.0847839218 -0.01063261 -0.00962769983 0.996296111
1341846250.57801 0.111863962 -0.0432787442 0.0517745267 0.0836606402 -0.0100469606 -0.010195205 0.996391496
1341846250.61385 0.107816175 -0.0475660172 0.0525839502 0.0818767007 -0.00927452601 -0.00927882346 0.996556116
1341846250.64612 0.111017821 -0.048698313 0.0506973061 0.0822146266 -0.0100050465 -0.00665517383 0.996542203
1341846250.67785 0.114729923 -0.0453991326 0.0502051013 0.0821602943 -0.0101090164 -0.00519609058 0.996554311
1341846250.71396 0.115316908 -0.0433389537 0.0514755577 0.080938959 -0.00925589325 -0.00438284811 0.996666446
1341846250.74591 0.109954037 -0.0470071246 0.0512553723 0.0794694372 -0.00830008225 -0.00229852162 0.996800097
1341846250.77789 0.109197084 -0.043407992 0.0524871494 0.0794301747 -0.0102907013 2.60958988e-05 0.996787313
1341846250.81403 0.114485723 -0.0415846293 0.051223193 0.0789590708 -0.0115943686 0.000174543923 0.996810416
1341846250.84606 0.113437267 -0.0414536136 0.0508955383 0.0774587101 -0.0109425229 -0.00120638837 0.996934779
1341846250.88185 0.112540483 -0.0487967422 0.0522774569 0.077198575 -0.0112012467 -0.000563777206 0.996952654
1341846250.91384 0.115184766 -0.045958531 0.0534635955 0.0797430072 -0.01147213 -0.000321461434 0.996749387
1341846250.9466 0.114190766 -0.049315906 0.0534018094 0.0798529594 -0.0106979098 -0.00115179435 0.996748581
1341846250.98181 0.111544792 -0.0471028851 0.0513828618 0.0809730107 -0.0102117003 -0.00188678853 0.996662196
1341846251.01409 0.111839895 -0.046958907 0.0525398754 0.0809676898 -0.0119002836 -0.00304933639 0.996641018
1341846251.04632 0.112139653 -0.052103157 0.0537146391 0.0812656861 -0.0124538904 -0.00383317316 0.996607293
1341846251.08196 0.114506055 -0.0509857407 0.053011343 0.0831500358 -0.0123251158 -0.00393499229 0.996453049
1341846251.11407 0.11474584 -0.0513573472 0.0538361039 0.0849950713 -0.0116522459 -0.00470177001 0.996302141
1341846251.14993 0.117132743 -0.0505989526 0.0504551365 0.0861658533 -0.0115697523 -0.0049722413 0.996201216
1341846251.182 0.118015039 -0.0519124539 0.0511818938 0.0867959909 -0.0105546259 -0.00601893496 0.996152011
1341846251.21421 0.110553912 -0.0505279521 0.0507641138 0.0880602936 -0.00998711982 -0.00675619152 0.996042166
1341846251.24999 0.10787482 -0.0501638553 0.0510747297 0.0882602581 -0.011752556 -0.00613794681 0.996009202
1341846251.28232 0.111678139 -0.0502034014 0.0516481094 0.0890079213 -0.0137625608 -0.00587862998 0.995918482
1341846251.31804 0.105911151 -0.0428397712 0.049402416 0.0891370681 -0.01412331 -0.00676366693 0.995896264
1341846251.35003 0.103396868 -0.0466184014 0.0489156215 0.0864992117 -0.0162500212 -0.00708302938 0.996094199
1341846251.38201 0.107674994 -0.0527018407 0.0483649254 0.0862100397 -0.0188029337 -0.00664276788 0.996077383
1341846251.41802 0.108250617 -0.0419448713 0.0474615545 0.0873094598 -0.0196162619 -0.00744732085 0.995960239
1341846251.44988 0.104033298 -0.0378606303 0.0501807521 0.0848793708 -0.0199517384 -0.00887589052 0.996151916
1341846251.48188 0.102391096 -0.042021126 0.050672277 0.082043828 -0.0215702941 -0.00868423088 0.996357424
1341846251.51788 0.10336334 -0.0403864366 0.0506487428 0.0807663489 -0.023277572 -0.00835825044 0.996426159
1341846251.54991 0.102570053 -0.0394048075 0.054240859 0.0791553311 -0.0233464636 -0.0084883146 0.99655272
1341846251.58608 0.100611244 -0.044587703 0.0552003126 0.0780352362 -0.0228661518 -0.00760816109 0.996659298
1341846251.61825 0.0988745711 -0.0422200965 0.0556764864 0.0793042019 -0.0234444249 -0.0057304167 0.99655826
1341846251.64992 0.103567036 -0.0423709177 0.0582274186 0.0800001062 -0.0234124913 -0.00575335219 0.996503255
1341846251.68604 0.104527058 -0.042620609 0.0586257152 0.0803518911 -0.021094625 -0.00803674301 0.996510914
1341846251.71811 0.099202881 -0.0430835777 0.0587090183 0.0804027123 -0.0193611316 -0.00893597206 0.996534344
1341846251.74991 0.0965624574 -0.0410797817 0.060037196 0.0810960123 -0.0196999063 -0.007931633 0.996480025
