1341846226.81793 -0 -0 -0 0 0 0 1
1341846227.25395 0.00845996725 -0.00413544769 0.00659599349 0.0039314268 -0.00605309497 -0.00920417663 0.999931591
1341846228.0901 0.0272740324 -0.00944409882 0.00198945994 0.0139518267 -0.00701680476 -0.0287165217 0.999465593
1341846229.09485 0.0441905835 -0.0126819136 0.000866393148 0.00606278203 -0.00306121582 -0.00984273835 0.999928494
1341846230.10389 0.0414190784 -0.0185890522 -0.00202258366 0.0135068193 0.00655900269 -0.00318169086 0.999882204
1341846233.12413 0.0609156317 -0.0529207829 0.00957464325 0.0494361983 0.000484630807 -0.0158616668 0.998651208
1341846236.73855 0.0766505956 -0.0691528183 0.0153792004 0.0498422789 -0.00439547047 -0.0171165815 0.998600746
1341846240.08988 0.0694238907 -0.0533561953 0.0173927908 0.0499770397 -0.0126871268 -0.0165021032 0.998533431
1341846240.9941 0.0593633742 -0.0538518649 0.0127607702 0.0583894941 -0.0166678045 -0.020626684 0.997941577
1341846241.16788 0.0962174961 -0.046431354 0.000800532061 0.0611699708 -0.0221305665 -0.020429277 0.997672851
1341846241.362 0.0692903644 -0.0516093387 0.00827971457 0.0592294299 -0.0172563924 -0.0256537582 0.997765492
1341846241.96589 0.063856993 -0.0514568008 0.00310975259 0.0602908882 -0.0159476995 -0.0284608915 0.997647562
1341846242.27003 0.0645365842 -0.0547964905 0.00742255083 0.0658586901 -0.0155829565 -0.027414377 0.997330565
1341846243.27403 0.0623652073 -0.0517679536 -0.00592496268 0.0636400359 -0.015712556 -0.0323905848 0.997323374
1341846244.48388 0.0686136009 -0.0514957841 -0.00881027396 0.0683613839 -0.0148351298 -0.0296395619 0.997109892
1341846245.48781 0.0815142807 -0.0602628144 0.00427911812 0.0737778261 -0.00446691855 -0.0253922807 0.996941378
1341846246.49044 0.0767499556 -0.0583060084 0.00791999704 0.0779286375 0.00130624354 -0.0272888476 0.996584537
1341846247.49396 0.0774618263 -0.0630910892 0.0238474434 0.0825023045 -0.001272763 -0.0241907606 0.99629642
1341846248.50246 0.0819615228 -0.0543976618 0.0411978843 0.0895501241 0.00240407287 -0.0267840387 0.99561921
1341846249.50596 0.0966225627 -0.0652748092 0.0496599307 0.0906168726 0.00692935095 -0.0235814843 0.995582483
1341846250.51017 0.106178928 -0.0513402516 0.0471101258 0.0834869454 -0.00907403819 -0.00958975955 0.996421411
1341846251.51788 0.102411604 -0.0405252143 0.0512545821 0.080770398 -0.0231272056 -0.00818876743 0.99643074
