0.0277952
0.028267
0.0284524
0.0284636
0.0285185
0.028861
0.0288777
0.0290964
0.0291061
0.0292602
0.0292957
0.0293257
0.0293341
0.0294509
0.0296416
0.0297528
0.0297715
0.0299608
0.0300863
0.0301116
0.0301913
0.0303379
0.0303755
0.0303778
0.0304304
0.0305064
0.030508
0.0305761
0.03058
0.0306398
0.0306765
0.0306908
0.030709
0.0307993
0.0308035
0.0308235
0.0308326
0.0308336
0.0308435
0.0308438
0.0308456
0.0308536
0.0308629
0.0308861
0.0308909
0.0309058
0.0309249
0.0310025
0.0310205
0.0310441
0.0310714
0.0310909
0.0310931
0.0310989
0.0310993
0.0311363
0.03118
0.0311839
0.0311883
0.0311997
0.0312086
0.0312169
0.0312238
0.03123
0.0312306
0.0312489
0.0312599
0.0312746
0.0312804
0.0312817
0.0313412
0.0313438
0.0313764
0.0313786
0.0313867
0.0314018
0.031411
0.0314138
0.0314203
0.0314221
0.0314237
0.0314348
0.0314642
0.0315488
0.0315637
0.0315696
0.0315788
0.03158
0.0315874
0.0315967
0.0316042
0.0316413
0.0316825
0.0316826
0.0316886
0.0317089
0.0317219
0.0317287
0.0317297
0.0317354
0.0317441
0.0317472
0.0317474
0.0317503
0.0317512
0.0317543
0.0317545
0.0317563
0.0317587
0.03177
0.031778
0.0317795
0.0317904
0.0317958
0.0318007
0.0318136
0.0318211
0.0318362
0.0318423
0.0318575
0.0318673
0.0318887
0.0318907
0.0318984
0.031905
0.031907
0.0319104
0.0319107
0.0319363
0.0319368
0.0319408
0.0319422
0.0319425
0.0319688
0.0319695
0.0319704
0.0319735
0.0319798
0.0319828
0.031988
0.0319922
0.0319927
0.0319966
0.0319989
0.0320089
0.0320104
0.0320309
0.0320329
0.0320438
0.0320565
0.0320596
0.0320732
0.0320946
0.0321048
0.0321096
0.0321131
0.032128
0.0321378
0.0321513
0.0321571
0.0321623
0.0321627
0.0321628
0.0321753
0.0321792
0.0321925
0.0321939
0.0321956
0.0322033
0.0322123
0.0322141
0.0322238
0.0322242
0.032233
0.0322471
0.0322566
0.0322595
0.0322768
0.0322833
0.0322949
0.0323004
0.0323182
0.0323414
0.0323448
0.0323456
0.0323524
0.0323607
0.0323777
0.0323783
0.0323882
0.0323886
0.032393
0.0323965
0.032412
0.0324168
0.0324193
0.0324202
0.0324239
0.0324267
0.032438
0.0324479
0.0324487
0.0324487
0.0324592
0.0324607
0.0324613
0.0324829
0.0324902
0.0324909
0.0324959
0.0324997
0.0325019
0.0325046
0.0325207
0.0325367
0.0325546
0.0325655
0.0325687
0.0325689
0.0325772
0.0325885
0.0325891
0.0326036
0.0326208
0.0326345
0.0326364
0.0326426
0.0326456
0.0326462
0.0326472
0.0326707
0.0326708
0.0326726
0.0326914
0.0326924
0.0327058
0.0327144
0.0327234
0.0327309
0.0327506
0.0327595
0.0327608
0.0327708
0.0327728
0.0327729
0.0327758
0.0327918
0.0328298
0.032835
0.0328361
0.0328743
0.0328837
0.0328961
0.0329182
0.032931
0.032932
0.0329364
0.03294
0.0329619
0.0329627
0.0329677
0.0329696
0.0329705
0.0329887
0.0329912
0.0329928
0.0330014
0.0330256
0.0330583
0.0330597
0.0330602
0.0330622
0.0330633
0.0330724
0.0330771
0.0330775
0.033079
0.0330824
0.0330868
0.0330875
0.0330887
0.0330894
0.0330952
0.0330955
0.0331001
0.0331143
0.0331202
0.0331274
0.0331365
0.0331496
0.0331587
0.0331597
0.0331598
0.0331612
0.0331619
0.0331692
0.0331695
0.0331725
0.0332013
0.0332028
0.0332166
0.0332168
0.0332182
0.0332211
0.0332259
0.0332369
0.0332452
0.0332478
0.0332541
0.0332709
0.0332782
0.0332818
0.0332971
0.0332995
0.0333124
0.0333141
0.0333185
0.0333223
0.0333226
0.0333454
0.0333482
0.0333569
0.0333625
0.0333649
0.033366
0.0333672
0.0333776
0.0333937
0.0333957
0.0333966
0.0334106
0.0334119
0.0334218
0.033424
0.0334267
0.0334401
0.0334479
0.0334643
0.0334657
0.033476
0.0334815
0.0335022
0.0335089
0.0335147
0.0335213
0.0335235
0.0335417
0.0335432
0.0335551
0.0335558
0.0335587
0.0335686
0.0335953
0.0335971
0.033599
0.0336042
0.0336062
0.033614
0.03362
0.0336226
0.0336294
0.0336332
0.0336358
0.0336384
0.0336396
0.0336413
0.033645
0.0336506
0.0336559
0.0336588
0.0336609
0.0336885
0.0336995
0.0337048
0.033705
0.03371
0.0337161
0.0337216
0.0337358
0.0337378
0.0337584
0.0337603
0.0337658
0.0337689
0.0337696
0.0337937
0.0337997
0.0338075
0.0338085
0.0338172
0.033819
0.0338233
0.0338241
0.0338244
0.0338247
0.033837
0.0338398
0.0338403
0.0338403
0.0338409
0.0338433
0.0338448
0.0338645
0.0338789
0.0338805
0.0339004
0.0339021
0.0339035
0.0339086
0.0339211
0.0339228
0.0339244
0.0339345
0.0339735
0.0339773
0.0339867
0.0339977
0.0339992
0.0340072
0.0340093
0.0340104
0.0340112
0.0340171
0.0340203
0.0340217
0.0340223
0.0340266
0.0340267
0.0340283
0.03403
0.0340324
0.0340331
0.0340369
0.0340402
0.0340468
0.0340532
0.0340577
0.03406
0.0340626
0.0340635
0.0340783
0.0340803
0.0340828
0.0340848
0.0340882
0.0340944
0.0340954
0.0341
0.0341013
0.0341037
0.0341091
0.0341236
0.0341246
0.0341336
0.0341386
0.0341505
0.034165
0.0341687
0.0341773
0.034187
0.0341871
0.0341988
0.0342317
0.0342322
0.0342446
0.0342479
0.0342571
0.0342573
0.0342657
0.0342685
0.0342708
0.0342761
0.0342818
0.034282
0.0342885
0.0342926
0.0342961
0.0342981
0.0342984
0.0343016
0.0343113
0.0343135
0.0343259
0.0343279
0.0343324
0.0343384
0.0343435
0.0343456
0.0343538
0.0343589
0.0343735
0.0343882
0.0343909
0.0343939
0.0343949
0.0343974
0.0343988
0.0344036
0.0344038
0.034409
0.0344216
0.0344284
0.034433
0.0344376
0.0344478
0.0344484
0.0344594
0.03446
0.0344618
0.0344623
0.0344713
0.0344713
0.0344731
0.0344845
0.0344862
0.034492
0.03451
0.0345128
0.0345456
0.0345777
0.0345828
0.0345846
0.0345896
0.0345996
0.0346047
0.0346096
0.0346104
0.0346157
0.0346214
0.0346219
0.0346246
0.0346298
0.0346413
0.0346457
0.0346484
0.0346505
0.0346676
0.0346824
0.0346832
0.0346849
0.0346885
0.0346926
0.0347047
0.0347054
0.0347104
0.034715
0.0347167
0.034726
0.0347276
0.0347291
0.0347312
0.0347401
0.0347401
0.0347414
0.0347449
0.0347472
0.0347522
0.0347537
0.0347615
0.0347669
0.034769
0.0347842
0.0347844
0.0347929
0.034799
0.0347998
0.0348075
0.0348149
0.0348203
0.0348238
0.0348343
0.034841
0.0348457
0.0348481
0.0348576
0.0348599
0.0348604
0.0348801
0.0348977
0.0349141
0.0349183
0.0349187
0.0349209
0.0349232
0.0349305
0.0349312
0.0349428
0.0349469
0.0349507
0.0349569
0.0349666
0.0349689
0.0349698
0.03497
0.0349776
0.0349777
0.0349941
0.0349949
0.0350022
0.0350111
0.0350123
0.0350203
0.0350214
0.035025
0.0350362
0.0350422
0.0350426
0.0350432
0.0350471
0.0350477
0.0350545
0.0350661
0.0350756
0.0350807
0.0350825
0.0350832
0.0350901
0.035091
0.0351257
0.0351302
0.0351493
0.0351549
0.0351612
0.0351671
0.0351773
0.0351923
0.0351931
0.035195
0.0351954
0.0351967
0.0352235
0.0352327
0.0352378
0.0352443
0.0352449
0.0352456
0.0352469
0.0352473
0.0352623
0.0352657
0.0353132
0.0353262
0.0353308
0.0353336
0.0353381
0.0353392
0.0353434
0.0353787
0.0354097
0.0354197
0.0354407
0.0354466
0.0354536
0.0354733
0.0354737
0.035474
0.0354743
0.0354859
0.0355056
0.0355115
0.0355189
0.0355286
0.0355318
0.0355692
0.0355695
0.0355857
0.0355951
0.0356216
0.0356273
0.0356574
0.0356583
0.0357497
0.0357547
0.0357722
0.0357908
0.0358136
0.0358289
0.0358937
0.0360465
0.0360632
0.0360972
0.0361108
0.0361219
0.0361413
0.0361447
0.0361761
0.0362087
0.0362582
0.036259
0.036277
0.036349
0.0364821
0.0365005
0.0365643
0.0366236
0.0366367
0.0366623
0.0367353
0.0367504
0.0368002
0.0368247
0.0368622
0.0368824
0.0368987
0.0371245
0.0372299
0.0372616
0.0375021
0.0375109
0.0380388
0.0381282
0.0381957
0.0383318
0.0387551
0.0389195
0.0391139
0.0391558
0.0392018
0.0394091
0.0399377
0.0402246
0.0406704
0.0411933
0.0464691
0.0508288
0.053086
0.0535654
0.0541456
0.0543582
0.0553626
0.0595521
0.0602049
0.0604773
0.060566
0.0607554
0.0608448
0.0608604
0.0613546
0.0621596
0.0625562
0.063234
0.0639024
0.0670245
