1341845824.2981 -0 -0 -0 0 0 0 1
1341845824.33379 0.00586792408 -0.00894604518 0.00414747837 0.00161115618 -0.00447876575 -0.00134929935 0.999987762
1341845824.76965 -0.077608974 0.00731764329 -0.0211990467 0.000169885891 -0.0278816754 0.0279898212 0.999219272
1341845826.18378 -0.257818679 -0.0122110463 -0.0358013361 -0.00359589107 -0.0531346623 0.0279430139 0.998189844
1341845826.68378 -0.280360207 -0.00742629442 -0.0510898152 -0.0150578976 -0.0742621052 0.0440910339 0.996149778
1341845827.08294 -0.280740544 0.0186637025 -0.0458951169 -0.0647259128 -0.0595828842 0.0441737765 0.99514276
1341845827.18298 -0.275756527 0.025713597 -0.0395398 -0.0699918139 -0.0577736962 0.0413686941 0.995013556
1341845827.3139 -0.272871971 0.0243068992 -0.0259541819 -0.0754430615 -0.0510719409 0.0430477573 0.994910494
1341845827.89171 -0.220124038 0.0163663721 -0.0052008986 -0.0597894131 -0.0378707221 0.0437905814 0.996530692
1341845828.72188 -0.102532993 0.0475154424 0.0241287449 -0.0573111069 0.00914444917 0.0518537028 0.996966905
1341845829.02563 -0.0621833149 0.0574299385 0.0258916103 -0.0550304796 0.00227109235 0.0574447191 0.996828266
1341845829.19368 -0.0274563191 0.0510218413 0.0273092433 -0.0546980978 0.00391386194 0.0583332353 0.996789864
1341845832.50965 0.562940133 0.114772192 0.0275592436 -0.0416862855 -0.012617276 0.0307759116 0.998576938
1341845832.81051 0.606711356 0.136065374 0.0299912308 -0.0482969198 -0.00734796951 0.0382216697 0.998074405
1341845833.04587 0.645439092 0.143521077 0.0209453343 -0.0530494943 -0.00203021937 0.0396761521 0.997801299
1341845833.88567 0.761097411 0.150530891 0.0152060773 -0.0602210138 0.00459621211 0.0414211012 0.997314693
1341845834.01817 0.752633299 0.156461235 0.0116583017 -0.0618040849 0.00793620617 0.0393438978 0.997280968
1341845834.1539 0.745156331 0.147773441 0.012106861 -0.0652151469 0.00841235519 0.035166002 0.997215909
1341845835.12567 0.507933508 0.123006397 -0.00365381651 -0.0601055859 -0.0165531876 0.0198941232 0.99785647
1341845835.29051 0.458669358 0.112657195 0.000104596617 -0.0569139879 -0.0264438135 0.0185614605 0.9978562
1341845835.44628 0.405137257 0.0974122291 -0.00209284404 -0.0546901895 -0.0384805759 0.0146427843 0.997654157
1341845835.59419 0.379806234 0.0994223024 -0.00432212372 -0.0527012049 -0.0474693922 0.014729658 0.997372687
1341845835.86823 0.319050666 0.0865344162 -0.0118027464 -0.0379655966 -0.0508921089 0.025158751 0.997665096
1341845836.7398 0.179699676 0.0445092607 -0.040466676 -0.0151351205 -0.0535870556 0.0401069275 0.997642616
1341845837.13977 0.186856291 -0.0332465929 -0.0152284295 0.00557541006 -0.0390080223 0.0530109257 0.997816181
1341845838.70966 0.221624635 -0.307379073 -0.000317863113 -0.00137488871 0.0100777527 -0.0106159852 0.999891919
1341845838.74592 0.233552963 -0.294883689 -0.00190103281 -0.00558749858 0.0133309895 -0.0131501292 0.999809051
1341845838.97854 0.230476758 -0.339719252 0.00776158035 -0.0235479458 0.0215264504 -0.0205129375 0.999280404
1341845839.88183 0.27123297 -0.352508471 0.00744937501 -0.0222144479 0.0384801305 -0.0149448131 0.998900621
1341845840.01767 0.260065543 -0.331597693 0.00576384406 -0.03109045 0.0316249771 -0.0163992201 0.99888153
1341845840.31777 0.233522201 -0.282248158 0.0176353308 -0.0584683322 0.0217800227 -0.0105620499 0.997995755
1341845843.07179 0.168878019 0.089757285 0.0341161229 -0.0294657966 -0.0151303887 0.0290255675 0.999029707
1341845843.20791 0.158397217 0.114709087 0.0298081571 -0.0305796463 -0.0169737251 0.0263449821 0.9990409
1341845844.57381 0.166715791 0.354843978 0.0570935877 -0.0331032823 0.0120026803 0.0439785749 0.998411735
1341845844.70983 0.155009146 0.380234459 0.0530722747 -0.0321933865 0.00369481577 0.0502207763 0.998212306
1341845844.84323 0.13979177 0.404854664 0.0513444629 -0.0400589923 -0.0125467378 0.0459145633 0.998062979
1341845845.54573 0.148692018 0.51385971 0.0529993183 -0.0501036874 -0.0383274629 0.0154199575 0.997889198
1341845845.71424 0.157013968 0.555051491 0.0505206549 -0.054626172 -0.0435008842 0.0139523855 0.99746127
1341845845.94991 0.156667185 0.589032372 0.0552651378 -0.0629986652 -0.0387018023 0.00767624833 0.99723338
1341845846.08171 0.15627327 0.614525488 0.0531449747 -0.0625006978 -0.0353267 0.00891360801 0.997379684
1341845846.31874 0.15830607 0.662708824 0.0465788818 -0.0728968068 -0.0372809997 0.0139958123 0.996544179
1341845846.45377 0.156545876 0.681740335 0.0427800084 -0.0831170536 -0.0344633089 0.0197814542 0.995747222
1341845846.68706 0.167818012 0.706027131 0.0360491255 -0.094514397 -0.0318246232 0.0141127278 0.994914596
1341845847.35792 0.170038143 0.521835567 0.0392195333 -0.0553238391 -0.0298755748 0.0103979776 0.997967236
1341845848.90366 0.193988308 0.183695892 -0.0211358759 -0.0629339047 -0.0446176551 0.0176587413 0.99686346
1341845848.94062 0.194262758 0.179056518 -0.0145697485 -0.05372787 -0.0384518793 0.0212966765 0.997587701
1341845850.27676 0.140202356 0.232635706 0.305176821 -0.0527826592 -0.00937652054 -0.00325105694 0.99855671
1341845850.51174 0.148994091 0.23059102 0.360389443 -0.0520460479 -0.0084439834 0.000785608354 0.998608678
1341845851.25174 0.145327742 0.25437922 0.490729306 -0.0546940448 -0.0105738557 0.00128656346 0.998446343
1341845851.54682 0.143551219 0.269621929 0.525472709 -0.055251779 -0.0174659659 0.00523733942 0.998305941
1341845852.38566 0.161072522 0.255369814 0.509377408 -0.0474568743 -0.00535356801 0.00910168864 0.998817473
1341845856.20584 0.0594388004 0.247698093 -0.163096445 -0.0505577877 -0.0360980599 0.0119023742 0.997997582
1341845856.23759 0.0565214213 0.244331499 -0.162718477 -0.0518793423 -0.0365815389 0.0140801392 0.997883798
1341845859.12189 0.130235079 0.241548083 -0.357213996 -0.0878905362 -0.0265958653 -0.00680560476 0.995751775
1341845860.29456 0.135411447 0.19108823 -0.374065648 -0.0621465796 -0.0281875758 -0.0352536261 0.997045859
1341845860.77316 0.136636535 0.204271384 -0.390585929 -0.0591972028 -0.0610723723 -0.0333052771 0.99581957
1341845861.77572 0.156585702 0.197181988 -0.366103035 -0.05362887 -0.0663010418 -0.0477173803 0.995214132
1341845862.41176 0.178248455 0.190361554 -0.344989419 -0.0564976615 -0.0541711971 -0.0386197457 0.996183723
