0.0311925
0.032765
0.0328791
0.0331225
0.0332014
0.0332476
0.0334116
0.0334192
0.0334463
0.0335216
0.0335882
0.0337238
0.0337431
0.0337793
0.0337926
0.0338056
0.0338514
0.0338724
0.0338899
0.03389
0.0339552
0.0339702
0.0340358
0.0340435
0.0340461
0.0341418
0.034184
0.0341844
0.034193
0.0342168
0.0342892
0.034298
0.0343051
0.0343816
0.034397
0.0344858
0.0345118
0.0345449
0.0345459
0.0345899
0.0346176
0.0346503
0.0346848
0.0346924
0.0347167
0.0347299
0.0347851
0.0347987
0.0348164
0.0349154
0.0349201
0.0349812
0.0350208
0.0350245
0.0350246
0.0350413
0.0350582
0.035061
0.0350721
0.0350797
0.0350905
0.0350914
0.0351017
0.0352045
0.0352831
0.0353097
0.0353122
0.0353437
0.0353658
0.0353709
0.0354232
0.0354757
0.0354786
0.0354937
0.0354959
0.0355011
0.0355159
0.035521
0.0355535
0.0356093
0.0356574
0.0356763
0.0356787
0.0356916
0.0357041
0.0357041
0.0357112
0.0357261
0.0357295
0.0357543
0.0357629
0.0357809
0.0357866
0.035818
0.0358261
0.0358316
0.0358537
0.035857
0.0358629
0.0358715
0.0358791
0.0359009
0.0359084
0.035918
0.0359277
0.0359427
0.035949
0.0359537
0.0359801
0.0359881
0.0360186
0.0360218
0.0360279
0.0360538
0.0360541
0.0360913
0.0360988
0.0361085
0.0361112
0.0361298
0.0361359
0.0361504
0.0361547
0.036159
0.0361748
0.0361791
0.036193
0.0361995
0.0362104
0.0362279
0.0362437
0.0362603
0.0362816
0.036315
0.036317
0.0364033
0.0364052
0.0364214
0.0364218
0.0364353
0.0364375
0.0364678
0.0365105
0.0365131
0.0365415
0.0365602
0.036566
0.036579
0.0366367
0.0366473
0.0366516
0.0366625
0.0366655
0.0366666
0.0366717
0.0367052
0.0367288
0.0367384
0.0367741
0.0367747
0.0368108
0.0368146
0.0368228
0.0368304
0.0368345
0.0368398
0.0368408
0.0368606
0.0368631
0.0368648
0.0368886
0.0368976
0.0368986
0.0369024
0.036913
0.036925
0.0369373
0.0369476
0.0369714
0.0369999
0.0370126
0.0370167
0.0370179
0.0370271
0.0370307
0.0370368
0.0370428
0.0370455
0.0370636
0.0370677
0.0370733
0.037094
0.03712
0.0371236
0.0371244
0.0371342
0.0371553
0.0371572
0.0371799
0.0371821
0.0371892
0.0371893
0.0371938
0.0371969
0.0372011
0.0372028
0.0372029
0.0372068
0.0372083
0.037214
0.0372313
0.0372553
0.0372654
0.0372721
0.0372747
0.0373065
0.0373185
0.0373209
0.037334
0.0373389
0.0373415
0.0373427
0.0373491
0.0373494
0.0373638
0.0373657
0.037366
0.0373767
0.0373795
0.0373916
0.0374012
0.0374115
0.0374228
0.0374284
0.0374321
0.0374323
0.0374412
0.0374423
0.0374465
0.0374571
0.0374671
0.037477
0.037487
0.0374907
0.0375004
0.0375114
0.0375152
0.0375186
0.037522
0.0375222
0.0375391
0.0375396
0.0375446
0.0375474
0.0375511
0.0375514
0.0375542
0.0375741
0.0375763
0.037579
0.0375845
0.037594
0.0376005
0.0376015
0.0376058
0.0376069
0.0376086
0.0376313
0.0376773
0.0376818
0.0376918
0.0376964
0.037706
0.0377132
0.037715
0.0377295
0.0377425
0.0377656
0.0377869
0.0377908
0.0378009
0.0378035
0.0378191
0.0378229
0.0378297
0.0378348
0.037836
0.0378387
0.0378475
0.037861
0.0378656
0.0378743
0.0378771
0.0378869
0.0378971
0.0379029
0.0379057
0.0379146
0.0379193
0.0379292
0.0379299
0.0379373
0.0379433
0.0379493
0.037959
0.0379604
0.0379629
0.0379672
0.0379747
0.0379784
0.037981
0.0379887
0.0379909
0.0380021
0.0380058
0.0380192
0.0380296
0.0380377
0.0380436
0.0380926
0.0381202
0.0381255
0.0381511
0.0381668
0.0381695
0.0381735
0.0381782
0.0381841
0.0381863
0.0382008
0.0382135
0.0382358
0.0382391
0.0382397
0.0382417
0.0382422
0.0382427
0.038243
0.038262
0.038284
0.0382979
0.0382988
0.0383044
0.0383286
0.0383329
0.0383543
0.0383707
0.0383739
0.038381
0.0383824
0.038385
0.0383907
0.0383925
0.0383928
0.0383936
0.038401
0.0384062
0.0384196
0.0384246
0.0384331
0.0384405
0.0384457
0.0384552
0.0384601
0.0384672
0.038469
0.0384913
0.0384954
0.0384988
0.0385064
0.0385248
0.0385268
0.0385461
0.0385578
0.0385607
0.0385613
0.0385615
0.0386297
0.0386355
0.0386435
0.0386448
0.0386478
0.0386525
0.0386555
0.0386633
0.0386646
0.0386677
0.0386702
0.038671
0.0386865
0.0386888
0.0386901
0.0386946
0.0386947
0.0386971
0.0387016
0.0387022
0.0387027
0.0387222
0.0387234
0.0387259
0.038732
0.0387388
0.0387402
0.0387577
0.0387591
0.0387643
0.038776
0.0387788
0.0387986
0.0388156
0.0388286
0.0388391
0.0388426
0.0388466
0.0388504
0.0388518
0.0388597
0.038861
0.0388619
0.0388685
0.0388773
0.0388775
0.0388841
0.0388905
0.0389054
0.0389061
0.0389264
0.0389266
0.0389344
0.0389356
0.0389592
0.0389625
0.038973
0.038995
0.0389991
0.0390134
0.039019
0.0390259
0.0390293
0.0390387
0.0390463
0.0390504
0.0390671
0.0390674
0.0390731
0.0390775
0.0390788
0.0390932
0.0391026
0.0391223
0.0391275
0.0391291
0.0391371
0.039148
0.0391612
0.0391713
0.039174
0.0391771
0.0391951
0.0392024
0.039205
0.0392145
0.0392149
0.0392174
0.0392193
0.0392256
0.0392275
0.0392489
0.0392619
0.039294
0.0393093
0.0393122
0.0393138
0.0393146
0.0393221
0.0393226
0.0393278
0.0393399
0.0393405
0.039349
0.0393573
0.0393626
0.0393673
0.0393731
0.0393833
0.0393964
0.039401
0.0394188
0.0394411
0.0394647
0.0394721
0.0394974
0.0394979
0.0395179
0.0395299
0.0395477
0.0395521
0.039558
0.0395667
0.0396011
0.0396016
0.0396091
0.0396219
0.0396265
0.0396295
0.0396338
0.039638
0.0396522
0.0396548
0.0396631
0.0396737
0.0396776
0.0396786
0.0396803
0.0396846
0.0396896
0.0396978
0.0397239
0.0397336
0.0397462
0.0397466
0.0397489
0.0397523
0.0397537
0.0397582
0.0397602
0.0397683
0.0397819
0.0397899
0.0397932
0.0398078
0.0398141
0.0398295
0.0398411
0.0398457
0.0398461
0.0398464
0.0398565
0.0398768
0.0398865
0.0398947
0.0399231
0.0399258
0.0399258
0.0399341
0.0399436
0.0399437
0.0399556
0.0399572
0.0399617
0.0399632
0.0399758
0.039976
0.0399786
0.0399992
0.0400012
0.0400018
0.0400036
0.0400244
0.0400298
0.040032
0.0400422
0.0400627
0.0400846
0.0400852
0.0400887
0.0400913
0.040094
0.0401079
0.0401187
0.040145
0.0401474
0.0401551
0.0401801
0.0401803
0.040192
0.0401927
0.0402257
0.0402303
0.0402343
0.0402589
0.040289
0.0403178
0.0403283
0.0403303
0.0403317
0.0403407
0.0403466
0.0403504
0.0403536
0.0403597
0.0403646
0.0403671
0.0403837
0.0404049
0.0404115
0.0404443
0.0404854
0.0405033
0.0405219
0.0405345
0.040539
0.0405402
0.0405422
0.0405477
0.0405667
0.040572
0.0405758
0.0405773
0.0405953
0.040606
0.0406091
0.0406138
0.0406353
0.0406466
0.0406485
0.0406619
0.0406684
0.0406757
0.0406793
0.0406803
0.0406892
0.0406938
0.0406994
0.0407083
0.0407101
0.0407204
0.0407271
0.0407315
0.0407447
0.040748
0.0407483
0.0407519
0.0407526
0.0407537
0.0407769
0.0407777
0.0407781
0.040779
0.0407815
0.0407816
0.040788
0.0408022
0.0408022
0.0408066
0.0408201
0.040822
0.0408413
0.0408502
0.0408504
0.0408696
0.040884
0.0408978
0.0409034
0.0409183
0.0409222
0.0409384
0.0409452
0.0409489
0.0409527
0.0409723
0.0409784
0.041004
0.0410116
0.0410333
0.0410377
0.0410536
0.0410637
0.041074
0.0410787
0.0410822
0.0410901
0.0410942
0.0411045
0.0411188
0.0411333
0.0411341
0.0411446
0.0411471
0.0411527
0.041154
0.0411792
0.0411795
0.0411801
0.041186
0.0411945
0.0411952
0.0411964
0.0412088
0.0412107
0.0412148
0.0412214
0.0412614
0.0412691
0.0412984
0.0413009
0.0413103
0.0413139
0.041322
0.0413446
0.0413711
0.0413774
0.0413805
0.0414206
0.0414372
0.0414769
0.041489
0.0415008
0.0415242
0.0415294
0.041535
0.0415362
0.0415414
0.0415521
0.0415613
0.0415664
0.0415671
0.0415691
0.041595
0.0415958
0.0416094
0.0416095
0.0416147
0.0416327
0.041667
0.0417063
0.0417064
0.0417114
0.04172
0.0417489
0.041762
0.041774
0.0417743
0.0417767
0.0417878
0.0417967
0.0418003
0.0418194
0.0418286
0.0418351
0.0418433
0.0418457
0.041867
0.0418936
0.0419214
0.0419246
0.0419246
0.0419374
0.0419414
0.0419476
0.0419524
0.0419774
0.0419807
0.0419819
0.042007
0.0420345
0.0420406
0.0420575
0.0420646
0.0420784
0.0420829
0.0420994
0.0421127
0.042149
0.0421993
0.0422001
0.0422035
0.0422069
0.0422081
0.0422164
0.0422185
0.0422193
0.0422275
0.0422343
0.0422494
0.0422807
0.0422962
0.0423291
0.0423313
0.0423325
0.0423395
0.0423471
0.0423511
0.0423515
0.0423601
0.0423632
0.0423664
0.0423667
0.0423788
0.0423935
0.0424264
0.0424353
0.0424486
0.0424494
0.0424816
0.0424839
0.0424932
0.0424946
0.0424949
0.0425278
0.0425353
0.0425581
0.0425613
0.0425748
0.0425843
0.0425849
0.0426014
0.0426158
0.0426239
0.0426251
0.0426276
0.0426393
0.0426518
0.0426564
0.0426583
0.042672
0.0426793
0.0426891
0.0426949
0.0427144
0.042716
0.0427228
0.0427261
0.0427271
0.0427381
0.042772
0.0427771
0.0427853
0.0427961
0.0428194
0.0428258
0.0428309
0.0428495
0.0428576
0.0428598
0.042886
0.0428884
0.0429035
0.0429105
0.0429138
0.0429225
0.0429328
0.0429424
0.0429444
0.0429455
0.0429653
0.0429755
0.042978
0.042991
0.0430208
0.043042
0.0430648
0.0431235
0.0431304
0.0431374
0.0431436
0.0431765
0.0431842
0.0432052
0.0432142
0.0432153
0.0432165
0.0432176
0.0432235
0.0432425
0.0432522
0.043262
0.0432741
0.0433043
0.0433051
0.0433055
0.043346
0.0433466
0.0433474
0.0433521
0.0433685
0.0433735
0.043381
0.0433872
0.0433988
0.0434003
0.0434011
0.0434241
0.0434489
0.0434493
0.043474
0.0434832
0.043499
0.0435057
0.0435373
0.0435481
0.0435776
0.0435855
0.0435996
0.0436014
0.0436284
0.043631
0.0436329
0.0436387
0.0436537
0.0436612
0.0436697
0.0437147
0.0437282
0.0437363
0.0437493
0.0437675
0.0437808
0.0437812
0.0437902
0.0437916
0.0437972
0.0438104
0.0438216
0.0438367
0.0438595
0.0438638
0.0438752
0.0439001
0.0439147
0.0439541
0.043995
0.0439951
0.0439952
0.0440113
0.0440171
0.0440277
0.0440394
0.0440548
0.0441102
0.0441215
0.0441553
0.0441672
0.0442065
0.0442182
0.044257
0.0442734
0.0442767
0.0442898
0.0443173
0.0443322
0.0443322
0.0443399
0.0444185
0.0444883
0.0445132
0.0445197
0.0445378
0.0445612
0.0445655
0.0445685
0.0446059
0.0446167
0.0446752
0.0446924
0.0447153
0.0447183
0.0447642
0.0447684
0.0448012
0.0448091
0.0448447
0.0448647
0.0449296
0.0450106
0.0450129
0.0450135
0.045016
0.045039
0.0450468
0.0450481
0.0450709
0.0450762
0.0451061
0.0451116
0.0451251
0.0451366
0.0451546
0.045159
0.0452077
0.0452487
0.0452593
0.0452654
0.0452672
0.0453039
0.0453204
0.0453393
0.0453518
0.0453623
0.045373
0.0454395
0.0454488
0.0454705
0.0454707
0.0456
0.0456218
0.0456325
0.0456392
0.0456475
0.0457007
0.0457491
0.0457977
0.0458422
0.045845
0.0459419
0.0459785
0.0459794
0.0459807
0.0460003
0.0460714
0.0460778
0.0460919
0.0460925
0.0461138
0.0461531
0.0461788
0.0462615
0.0462836
0.0463041
0.0463553
0.0463812
0.0464118
0.046455
0.0464674
0.0465465
0.0465579
0.0466604
0.046811
0.0468176
0.0468272
0.0468532
0.0470662
0.0470713
0.0470862
0.0471457
0.0471763
0.0472267
0.0473214
0.0473912
0.0475113
0.0475116
0.0476099
0.0479127
0.0479279
0.0479879
0.0479974
0.0480212
0.0480286
0.0482178
0.0483002
0.0483177
0.0484607
0.0485544
0.0486477
0.0486622
0.0487968
0.0488228
0.0491811
0.0493752
0.0493853
0.0497448
0.0497966
0.0499968
0.0503555
0.0505285
0.0508148
0.0509158
0.0514302
0.051727
0.0517815
0.0518684
0.0518921
0.0519183
0.05195
0.0522958
0.0526231
0.0526974
0.0526982
0.0527198
0.0527427
0.0533886
0.0539571
0.0540064
0.0540491
0.0543488
0.0546057
0.0550377
0.0552396
0.0553254
0.0553808
0.0554572
0.0556948
0.0560083
0.0560102
0.0560379
0.0565931
0.0567308
0.056871
0.0572368
0.0573339
0.0575425
0.0577865
0.0580687
0.0581228
0.0581243
0.0581698
0.0582353
0.0583133
0.0584169
0.0584979
0.0585143
0.0589147
0.059433
0.0596149
0.0603925
0.0605319
0.0605572
0.0606543
0.0608567
0.0610425
0.0611814
0.0612881
0.0614778
0.061531
0.0616015
0.0616267
0.0621872
0.062442
0.0625245
0.0626003
0.0628145
0.0628848
0.0630144
0.0631977
0.0632528
0.0634182
0.0634338
0.0635085
0.0635613
0.0639753
0.0641013
0.0641138
0.0643672
0.0645545
0.0648911
0.0650462
0.0652472
0.0654463
0.0659001
0.0663621
0.0663843
0.0666158
0.0666168
0.0671126
0.0672138
0.0672166
0.0672571
0.0673045
0.067464
0.0675
0.0675624
0.0675983
0.0680268
0.0680608
0.0687719
0.0688466
0.0689578
0.0690571
0.0692883
0.0693838
0.0697049
0.0697236
0.0705117
0.0707002
0.0708026
0.0712118
0.0712268
0.0716066
0.0716799
0.0718958
0.0724569
0.0728228
0.073012
0.073091
0.0735877
0.0736865
0.0738728
0.0739178
0.073976
0.0740813
0.0744376
0.0744927
0.0745008
0.0748176
0.0751379
0.075142
0.0752039
0.0752523
0.0762385
0.0764381
0.0769889
0.0770555
0.0776567
0.0782904
0.0786956
0.07889
0.0789349
0.0791033
0.079315
0.0796663
0.0798183
0.0801989
0.0804307
0.0808671
0.0810529
0.0811915
0.0814675
0.0818111
0.082253
0.0825273
0.082977
0.0831553
0.0833415
0.0839318
0.0840541
0.0845627
0.085876
0.0871204
0.0871273
0.0872131
0.087696
0.0881353
0.0881823
0.088572
0.0886429
0.0886566
0.0892953
0.0898496
0.0904088
0.0918488
0.0926528
0.0929749
0.093031
0.0963593
0.0964794
0.0971508
0.0983791
0.0984618
0.0986516
0.0994597
0.0999622
0.100594
0.100669
0.109033
0.109554
0.109899
0.110217
0.126689
0.335849
0.539032
