1341845820.75185 -0 -0 -0 0 0 0 1
1341845821.32389 0.0138768444 -0.00528761557 -0.00119984346 0.00327445185 0.00677349876 0.00104571295 0.999971152
1341845822.3538 -0.0189950297 -0.016531752 -0.000512121334 0.0132051908 0.01546728 -0.00380497848 0.999785931
1341845823.36187 -0.130648268 -0.0351954711 0.0136470646 0.0223793482 0.0217497767 0.00413874624 0.999504369
1341845824.09825 -0.219504649 -0.055903077 -0.0021996797 0.0313550724 0.00851609341 0.00711910073 0.999446674
1341845824.73361 -0.352433208 -0.0749737498 0.00731289061 0.0273181376 0.0052304779 0.0361858011 0.998957932
1341845825.74763 -0.491081171 -0.078052281 0.00434155456 0.0334858602 -0.00905740662 0.0436726806 0.998443467
1341845826.7519 -0.560899398 -0.0772368117 -0.0109868606 0.00508588902 -0.0447625269 0.0514935239 0.997656688
1341845827.75579 -0.522293503 -0.0458567127 0.0294405797 -0.0360044752 -0.0170169959 0.0518153705 0.997862349
1341845828.75771 -0.375792289 -0.0283625875 0.0564454729 -0.031610845 0.0402606122 0.0657146941 0.996524669
1341845830.76577 -0.0370368209 0.00125183016 0.0184205717 0.0211480824 -0.00354207449 0.0605221928 0.997936509
1341845831.77364 0.135214544 0.0101849381 0.00395686862 0.00647606885 0.0155679516 0.0427380706 0.998944021
1341845832.77786 0.298839468 0.0621729995 -0.00687862923 -0.0225562055 0.0273345361 0.0487876625 0.998180247
1341845833.38185 0.415112618 0.0784110599 -0.0329357968 -0.0300239844 0.0452154237 0.053663565 0.997082919
1341845834.38581 0.404679636 0.0790865023 -0.0280071261 -0.0378010194 0.0447498603 0.045907714 0.997226662
1341845835.43176 0.113986744 0.0417050278 -0.0177883451 -0.0286947138 0.000178513613 0.0265848561 0.999234621
1341845836.7398 -0.114292253 -0.0214351574 -0.0297979623 0.012907055 -0.0203648605 0.0492580878 0.998495028
1341845837.74432 -0.0869702204 -0.247966522 -0.0388975122 0.0386630604 0.022572695 0.0251835782 0.998679843
1341845838.74592 -0.0472387549 -0.348604179 -0.0374738948 0.0218433256 0.0481302839 -0.00159410829 0.998600923
1341845839.74982 -0.000620189197 -0.423686156 -0.0322417936 0.0102182486 0.0740652217 -0.00393281098 0.997193293
1341845840.75383 -0.100839565 -0.302132963 0.00248859746 -0.0500168033 0.0481481099 -0.00345366258 0.99758115
1341845841.89385 -0.116664182 -0.137215147 0.0288085822 -0.00947505685 0.0323824522 0.0130340055 0.999345643
1341845843.90583 -0.128524449 0.158518728 0.0716004853 -0.0110629966 0.0339720452 0.0490608836 0.998156571
1341845844.64175 -0.135028027 0.279807084 0.0800736687 -0.0110245911 0.0438612787 0.0582257518 0.997278501
1341845845.48183 -0.144166211 0.433461158 0.0794269566 -0.0229091157 -0.00185133966 0.0264970957 0.999384635
1341845846.31874 -0.144141712 0.586655781 0.0811232415 -0.049187806 -0.00356405567 0.0253137124 0.998462354
1341845847.32179 -0.125505423 0.455311003 0.0670128246 -0.0331617629 0.00217699051 0.0227380201 0.999188941
1341845848.33574 -0.122596965 0.211130061 -0.00105093797 -0.0376700179 -0.0145056029 0.0264225528 0.998835525
1341845849.90578 -0.124503 0.140105308 0.234277023 -0.0259222956 0.0287342059 0.0193189551 0.999064141
1341845850.90979 -0.112785712 0.141000482 0.44712753 -0.0235927336 0.0265859067 0.0108451179 0.999309239
1341845851.91374 -0.0961662248 0.169609321 0.572396353 -0.0241740209 0.0136553482 0.0199031279 0.999416337
1341845852.92159 -0.125112272 0.157536562 0.404518569 -0.0318251105 0.0211460179 0.0245830904 0.998967307
1341845853.92585 -0.188177823 0.172468357 0.148844212 -0.0197997016 0.0155728858 0.0161337815 0.999552479
1341845854.93031 -0.21164589 0.175193752 0.0102472674 -0.0265507364 0.0192023032 0.00565994471 0.999446995
1341845855.93772 -0.245550896 0.165618592 -0.112761881 -0.0185345084 -0.00766851599 0.0144350318 0.999694601
1341845856.97791 -0.249051384 0.18823205 -0.187142684 -0.0360027597 -0.00148476148 0.0267127387 0.998993507
1341845857.98218 -0.215235992 0.176156359 -0.274211528 -0.0366067573 0.0151022315 0.0188203694 0.999038368
1341845858.98596 -0.191265046 0.182343785 -0.337290061 -0.0564899491 0.00395232456 0.00740417272 0.99836789
1341845859.99389 -0.168877315 0.150698659 -0.36537627 -0.0525645903 0.0348813665 -0.0103045571 0.997954944
1341845860.99784 -0.177010299 0.149980296 -0.377397769 -0.0386343669 -0.0387562466 -0.0269126612 0.998138792
1341845862.00794 -0.153524421 0.141327829 -0.352597043 -0.0280278668 -0.036354919 -0.0363723657 0.998283431
1341845863.01587 -0.135518616 0.142997316 -0.35860803 -0.0211019999 0.0010538457 -0.0240392923 0.999487723
