0.0705078
0.0406246
0.0417075
0.0378855
0.0425756
0.0363166
0.0374697
0.0336388
0.0352949
0.0351774
0.0344735
0.0344029
0.0344016
0.0342786
0.0352337
0.037301
0.0368951
0.0423701
0.0409498
0.0410021
0.038551
0.0409179
0.0465599
0.042004
0.0399818
0.0391325
0.0412965
0.0390517
0.0395509
0.0373376
0.0410125
0.0398305
0.0411749
0.0435465
0.0398534
0.0401066
0.0388141
0.0418214
0.0404176
0.0389428
0.0386569
0.0405914
0.0386316
0.045471
0.0447242
0.0491934
0.0400612
0.0382035
0.0450881
0.0479395
0.0434933
0.0392664
0.036083
0.0350296
0.0366714
0.0367175
0.035023
0.0331821
0.0371203
0.0356666
0.036834
0.037868
0.0353704
0.0337269
0.0386901
0.038597
0.0376458
0.0360182
0.0361483
0.0331059
0.0335763
0.0352882
0.0338217
0.0341833
0.0382453
0.0415848
0.0336341
0.0365076
0.0392904
0.0394849
0.0367914
0.0367285
0.0390507
0.0352065
0.0333697
0.0396813
0.0405805
0.0359435
0.0337015
0.0343729
0.0341742
0.0323762
0.0328816
0.0352507
0.0326149
0.0328068
0.0319697
0.0336448
0.0333953
0.0317891
0.0291023
0.0314068
0.0380218
0.0377001
0.0373786
0.0346055
0.0325705
0.0356582
0.0350344
0.0352733
0.0332129
0.0327418
0.033035
0.0331877
0.0364643
0.0381842
0.0326384
0.0343171
0.0371662
0.0399898
0.0373133
0.0343444
0.033269
0.0399485
0.0383074
0.0554218
0.0335903
0.0322462
0.0356817
0.0357176
0.0329403
0.0357185
0.0348539
0.0333475
0.0328528
0.0337315
0.0339395
0.0320351
0.0317747
0.0317484
0.0313004
0.0334723
0.0326235
0.0302084
0.0313621
0.0306815
0.0342523
0.030712
0.0304529
0.0328456
0.0412047
0.0324336
0.0336111
0.031918
0.0330041
0.0314517
0.0352454
0.0385384
0.0346897
0.0336742
0.0368304
0.0356317
0.0337218
0.0349554
0.034201
0.0329625
0.0328148
0.032682
0.0341492
0.032801
0.0337464
0.0326599
0.0341691
0.0356113
0.0341085
0.0324459
0.03087
0.0299925
0.0291485
0.031225
0.032008
0.0309944
0.0295818
0.0320196
0.0282961
0.0279216
0.0286943
0.0282444
0.0260633
0.0268972
0.029242
0.0269713
0.0281106
0.0286178
0.028855
0.0297305
0.0267726
0.0273866
0.028805
0.0305474
0.035402
0.0319585
0.0296993
0.0294639
0.029407
0.0289358
0.0312761
0.0301194
0.0370067
0.0336325
0.0376541
0.0339481
0.0316257
0.0328125
0.0343546
0.0311577
0.0305626
0.0323901
0.0327707
0.0321099
0.0395528
0.0405533
0.0401044
0.0356943
0.033046
0.0385147
0.0329757
0.0330471
0.0349347
0.0329676
0.0324162
0.0330245
0.0515791
0.0373056
0.0352019
0.0341864
0.0334994
0.0396009
0.0400401
0.0405785
0.037667
0.0371535
0.0400422
0.0441431
0.040993
0.0394159
0.0368352
0.0371165
0.0379585
0.0363435
0.0360865
0.0356363
0.0375684
0.0355099
0.0347563
0.0409345
0.0405327
0.0415844
0.0388685
0.034802
0.0355504
0.035403
0.0353146
0.0347937
0.035358
0.0341944
0.0363704
0.0418813
0.0484852
0.0435421
0.0407943
0.0395109
0.041013
0.0396576
0.0345952
0.0362421
0.0363702
0.0441861
0.042173
0.0366552
0.0361542
0.0367692
0.03666
0.038439
0.0376908
0.0388499
0.0408435
0.042754
0.0450588
0.0437678
0.0365286
0.0365283
0.0371368
0.0362318
0.0393621
0.0403796
0.0400381
0.0419391
0.0459994
0.0416584
0.0405263
0.0421215
0.039548
0.0381437
0.0382043
0.0389043
0.0387255
0.037991
0.0365787
0.0433137
0.0458083
0.0448472
0.0438456
0.0373079
0.0364197
0.0370337
0.0360813
0.038597
0.0418543
0.0424663
0.0355912
0.0376168
0.0378172
0.0368546
0.0329874
0.0343195
0.0363532
0.0412114
0.045968
0.0399017
0.0373829
0.0357604
0.036675
0.0362616
0.0351814
0.0339814
0.0364157
0.0412071
0.0372784
0.04022
0.0346962
0.0349241
0.033799
0.033696
0.0343271
0.034256
0.0345563
0.0364177
0.0331695
0.0330021
0.0331513
0.0486935
0.0399923
0.0342783
0.0400581
0.0359275
0.0347317
0.0354673
0.0411288
0.037032
0.0404754
0.0357623
0.0417083
0.0357446
0.0334256
0.0328317
0.0328387
0.032568
0.0314354
0.0309183
0.0345986
0.0317998
0.0301896
0.0335682
0.0377385
0.0382487
0.0416728
0.0356655
0.0346329
0.0331055
0.0317478
0.032113
0.0322183
0.0323744
0.0322416
0.0356618
0.0353841
0.034688
0.0330473
0.0330612
0.0340886
0.0335618
0.0325857
0.0305439
0.0307701
0.0318079
0.0324202
0.0322837
0.0321401
0.0320982
0.0325717
0.0337178
0.0336939
0.0341787
0.0353441
0.0359785
0.0406433
0.0357089
0.0352552
0.0333348
0.0323461
0.0330621
0.0324223
0.0320554
0.0321188
0.0307059
0.0320595
0.0333752
0.0323139
0.0326096
0.0329804
0.0371638
0.0368666
0.0403487
0.040786
0.0403837
0.0367343
0.0388821
0.0368784
0.0338656
0.03544
0.039345
0.0379941
0.0359258
0.035445
0.0397216
0.0513143
0.0414311
0.0409421
0.0372565
0.0394403
0.0361321
0.0413306
0.0389023
0.0371638
0.0377886
0.0382348
0.0395219
0.0410762
0.037756
0.0385125
0.037656
0.036929
0.0383076
0.0388136
0.0363206
0.0362358
0.0376814
0.0421944
0.0360263
0.0358466
0.0384503
0.0367476
0.0364199
0.0386987
0.0416447
0.0450449
0.0406813
0.0387731
0.0386182
0.0380272
0.0442665
0.0425057
0.039662
0.0439025
0.0584848
0.0481016
0.0478423
0.0427085
0.0417947
0.0462989
0.0411917
0.0398838
0.0425196
0.0417418
0.041571
0.0373795
0.0368936
0.0387804
0.0374029
0.0377979
0.0348281
0.034734
0.0353016
0.0347351
0.0347779
0.0363096
0.034855
0.0359602
0.0363495
0.0355782
0.0349324
0.0349291
0.0365079
0.039817
0.0552518
0.0386597
0.0381509
0.0365331
0.0348889
0.0357316
0.0344518
0.0343579
0.0348535
0.035772
0.0359852
0.0358883
0.0347639
0.0337289
0.0362635
0.0358286
0.03608
0.0362576
0.0368699
0.0359678
0.0344727
0.0347225
0.0343892
0.0333998
0.0324802
0.0318736
0.0318365
0.0313399
0.0296047
0.0296975
0.0492776
0.0324056
0.0314641
0.0320589
0.0283087
0.0286093
0.0276307
0.0268724
0.0265677
0.0260901
0.0264496
0.0259044
0.025875
0.0252039
0.0250024
0.0244669
0.0233697
0.0243736
0.0251966
0.022209
0.022711
0.0230273
0.0223405
0.0220167
0.0223249
0.0214604
0.021604
0.0216892
0.0218981
0.024219
0.036136
0.0245152
0.0243192
0.0239403
0.0226489
0.0226268
0.0217876
0.0214163
0.0211769
0.0234906
0.0231201
0.0215354
0.021571
0.021285
0.022849
0.0215732
0.0234935
0.0235157
0.0222049
0.0213813
0.0226382
0.0221795
0.0216775
0.0228721
0.0222797
0.0226075
0.0225636
0.022985
0.0225512
0.0264875
0.0382375
0.0424725
0.0422447
0.0384617
0.0360746
0.0360384
0.0390756
0.0368483
0.0351436
0.0360096
0.0367073
0.0373135
0.0383529
0.0372403
0.0371508
0.0374925
0.0386595
0.0381189
0.0377178
0.0388334
0.0357423
0.0373998
0.0372406
0.0389144
0.0374782
0.0386109
0.0399742
0.0389193
0.039207
0.0395694
0.0380441
0.0394269
0.0397232
0.0435581
0.055634
0.0457353
0.0435325
0.0469275
0.0403586
0.0419234
0.0405987
0.0403026
0.0399373
0.0390503
0.0393476
0.039695
0.0401326
0.0388367
0.0400229
0.040552
0.0410267
0.0400075
0.039431
0.0399441
0.0400945
0.040779
0.0407613
0.0408269
0.0393465
0.0390568
0.0409224
0.0396604
0.046264
0.0495535
0.0455973
0.042573
0.0449237
0.0405785
0.0400977
0.0406692
0.0414032
0.0405818
0.0409548
0.0405713
0.0397259
0.0395562
0.0382822
0.0388696
0.0383539
0.0370025
0.0374133
0.0352966
0.0364846
0.0372145
0.0368806
0.036361
0.0380196
0.039199
0.0363084
0.0354296
0.0367182
0.0437233
0.0576931
0.0416967
0.0429029
0.0414047
0.041587
0.0407704
0.0406798
0.0394885
0.0391826
0.0367961
0.0392599
0.0399977
0.0378349
0.0386278
0.0384861
0.0379089
0.03865
0.0408184
0.0554791
0.0412663
0.0368369
0.0415394
0.0497243
0.0415667
0.0391722
0.0391204
0.0425218
0.0346503
0.0365794
0.0339988
0.034447
0.0354302
0.0361305
0.0341518
0.0348511
0.0347359
0.0349589
0.0342553
0.0358568
0.0354913
0.0357484
0.034566
0.0344016
0.037917
0.0333052
0.0320207
0.0365246
0.059309
0.0424402
0.0422662
0.0376191
0.0362865
0.0365576
0.0339522
0.0344417
0.0362817
0.0358966
0.0348802
0.0353531
0.0342601
0.0339311
0.0350363
0.0352958
0.0359933
0.0347791
0.034727
0.0337001
0.0336222
0.0319642
0.0335418
0.0353368
0.0558064
0.0373166
0.035126
0.0360468
0.0473973
0.0307554
0.0315584
0.032613
0.0312175
0.0339117
0.0399533
0.0331906
0.0318566
0.0312055
0.0317371
0.0301689
0.0303449
0.0324253
0.0327551
0.0310021
0.0324379
0.0343681
0.0322239
0.0324095
0.0336004
0.0335826
0.0337772
0.03541
0.0351135
0.0416548
0.0560007
0.0427329
0.0429899
0.0417433
0.0396061
0.0403065
0.038681
0.0378447
0.037351
0.0391928
0.0411694
0.0396328
0.0372082
0.0384711
0.039371
0.0387558
0.0361562
0.0384246
0.0400558
0.039473
0.0396988
0.0441334
0.0398487
0.0395709
0.0401657
0.0401151
0.040576
0.0398588
0.0390873
0.0468515
0.0630532
0.0439708
0.0436325
0.042346
0.0483775
0.0420018
0.0406773
0.0417208
0.0407649
0.0379911
0.0378785
0.0391162
0.0399795
0.039649
0.0390903
0.0390872
0.0421151
0.0564315
0.0442187
0.0435857
0.0444586
0.0434932
0.0397352
0.0392586
0.040468
0.0411178
0.0420568
0.0406745
0.0407701
0.0412923
0.041187
0.0399628
0.0409153
0.0408002
0.0401326
0.0403871
0.040208
0.0397269
0.0386371
0.0389624
0.0378541
0.0390448
0.0377161
0.0382311
0.0378928
0.0377801
0.0460866
0.055322
0.0425523
0.0430202
0.0430833
0.0417246
0.0534177
0.0376038
0.0380388
0.0388663
0.0379454
0.0380937
0.0410912
0.0377729
0.038111
0.037453
0.0378836
0.0389066
0.0372442
0.0375175
0.0367664
0.036489
0.0365065
0.0365018
0.0375443
0.037286
0.0365273
0.036287
0.0359752
0.0442434
0.0606272
0.0428876
0.0400083
0.0399143
0.0426225
0.0357945
0.0364467
0.0361861
0.0348341
0.0351794
0.0343194
0.0350602
0.0340655
0.0355734
0.034691
0.0369306
0.0334395
0.032889
0.0333942
0.0329239
0.0352947
0.0327473
0.0328727
0.0332393
0.0326604
0.0330566
0.0338758
0.0348001
0.0301568
0.0387302
0.0436084
0.0357147
0.0371121
0.03497
0.0360986
0.0339829
0.0334904
0.0344144
0.034266
0.0344141
0.0342288
0.0349426
0.0348665
0.0633437
0.0410389
0.0363232
0.0354051
0.0367226
0.036407
0.0368898
0.0441352
0.0360934
0.0355256
0.0350472
0.0353536
0.0375154
0.0354647
0.0349342
0.0354168
0.0474639
0.0496315
0.0360074
0.0352777
0.0358014
0.0354678
0.0342493
0.0544565
0.0325815
0.031946
0.0312758
0.0313991
0.0316871
0.0304988
0.0309519
0.0307893
0.0307012
0.0313919
0.0302038
0.0306764
0.0292163
0.0293963
0.0296941
0.0290992
0.0287596
0.0283447
0.0285369
0.0282685
0.027522
0.0330995
0.0414406
0.0281659
0.0295985
0.0300134
0.0298434
0.0296195
0.0293402
0.0279316
0.0357507
0.0270428
0.0275019
0.0270336
0.0271866
0.0286706
0.0273007
0.0268056
0.0259655
0.0274804
0.0276801
0.0268141
0.0272774
0.0280052
0.0271298
0.0269574
0.0274978
0.0281197
0.0273388
0.027813
0.0278649
0.0356348
0.0564897
0.0327772
0.0342031
0.0318718
0.030191
0.0321804
0.03138
0.028804
0.0358362
0.0283797
0.0295811
0.0296038
0.0314932
0.0292209
0.0284715
0.0284532
0.0291988
0.0294491
0.0288298
0.0288811
0.029679
0.0296678
0.02852
0.028844
0.0290091
0.0295895
0.030185
0.029368
0.0280925
0.0353891
0.0588735
0.0325678
0.0336359
0.0329792
0.0351152
0.0303075
0.0301624
0.0314408
0.0274449
0.0278618
0.0277633
0.0279508
0.0283716
0.0277775
0.0277979
0.0279247
0.0279661
0.0282136
0.0283717
0.0328365
0.0275919
0.0292686
0.0276953
0.0273028
0.028278
0.0274754
0.0293053
0.0302425
0.0385892
0.0274778
0.0377058
0.0465246
0.0498402
0.0484481
0.048876
0.0450519
0.042426
0.0439143
0.0444925
0.043392
0.0437775
0.0440032
0.04327
0.0427852
0.0447185
0.0428355
0.0435091
0.0452706
0.045043
0.0441794
0.0437844
0.0431958
0.0412644
0.0429032
0.0445892
0.0440809
0.0454551
0.0478373
0.0436235
0.0455137
0.0576793
0.0648581
0.0475425
0.0461975
0.0470671
0.0456192
0.0539802
0.0438624
0.0435907
0.0432243
0.0458916
0.0435799
0.0425619
0.0437209
0.0438718
0.0460199
0.0443263
0.0452029
0.0448618
0.0448586
0.0445739
0.0499614
0.043539
0.0438441
0.0442184
0.0424283
0.0696149
0.0454517
0.0480361
0.0558214
0.0542058
0.047494
0.0476427
0.0452257
0.0456461
0.0436633
0.042742
0.0414685
0.0431183
0.0424654
0.0434003
0.042069
0.0429541
0.0423261
0.0425067
0.0418331
0.0424303
0.0431183
0.0417742
0.0411115
0.0414921
0.0411329
0.0406609
0.0416115
0.0442472
0.0462076
0.0430369
0.0424642
0.0416768
0.0552983
0.0735267
0.0472104
0.0478312
0.0484513
0.046423
0.0446336
0.0585588
0.044206
0.0408584
0.0429
0.045172
0.0437295
0.0434488
0.0446504
0.0451433
0.0440382
0.0440402
0.0444693
0.0437583
0.046743
0.0449561
0.042699
0.0416311
0.0435401
0.0426377
0.0444139
0.0442123
0.0438493
0.0581808
0.0559143
0.0469031
0.0481137
0.0477713
0.0485668
0.0529967
0.0570476
0.0454367
0.0450029
0.0444541
0.0440423
0.0447007
0.0443164
0.0446058
0.0444099
0.0446531
0.0439816
0.0445663
0.0442888
0.0439781
0.0445623
0.0438145
0.0446219
0.0442273
0.0458736
0.0455122
0.0446744
0.045368
0.0439177
0.0584883
0.0559255
0.0473513
0.0548698
0.0459492
0.0492119
0.0465607
0.043613
0.0454104
0.0452311
0.0462053
0.0482192
0.0471366
0.0474022
0.0446565
0.0439769
0.0450443
0.0470532
0.0455291
0.0454933
0.0469229
0.045334
0.0446985
0.0448035
0.0459011
0.0468046
0.0461827
0.0475712
0.045706
0.0462368
0.0617768
0.0726465
0.0511572
0.0517293
0.0677987
0.0499093
0.0476678
0.0474486
0.0482944
0.0485353
