1341846647.76854 -0 -0 -0 0 0 0 1
1341846647.78433 0.000650035884 -0.00371758953 -0.00116004358 -0.000767877026 0.0021690769 -0.00147926865 0.999996259
1341846647.80226 0.00395989348 -0.00568799871 -0.00162378812 -0.00100462929 0.00203638757 -0.000533938773 0.999997279
1341846647.8341 0.00948790529 -0.00792471994 -0.00317141179 -0.000423494384 0.00157929747 0.000847125458 0.999998304
1341846647.86669 0.0159681296 -0.00965708766 -0.00731267879 0.000675465396 0.00300991544 0.00243955384 0.999992266
1341846647.90198 0.0133679335 -0.00838844121 -0.00839018166 0.000749802998 0.00592914599 0.00220209196 0.999979717
1341846647.93423 0.0130210586 -0.00567256398 -0.00888377984 -0.000202722407 0.00627893171 0.00276915562 0.999976433
1341846647.97023 0.0129477903 -0.00629164528 -0.00716929206 -0.000715303439 0.00477076659 0.00310811871 0.999983534
1341846648.00272 0.0175074967 0.00120916465 -0.00851926898 -0.000456622298 0.00336092078 0.00333018142 0.999988703
1341846648.03462 0.0174316338 0.00271518096 -0.0101553938 -0.00265412341 0.00218193994 0.0032390257 0.999988852
1341846648.07064 0.0167904105 -0.00246154437 -0.00978110304 -0.00462436824 -0.000759780508 0.00391930591 0.999981338
1341846648.10216 0.0216513338 -0.00349591379 -0.00910723975 -0.00406966656 -0.00451172208 0.00472073698 0.999970398
1341846648.13819 0.0257330834 0.000511988954 -0.0135923396 -0.00389886889 -0.00655658339 0.00444492162 0.999961026
1341846648.1706 0.0238062432 -0.00332203532 -0.0166112476 -0.0077417528 -0.00782551943 0.00369889937 0.99993257
1341846648.20211 0.0233081587 -0.00758998647 -0.0178093687 -0.00971038378 -0.0120522165 0.00341285221 0.999874395
1341846648.23816 0.020511837 -0.0080376094 -0.0171002517 -0.00899137875 -0.0165976408 0.00353610044 0.999815568
1341846648.27026 0.0168611278 -0.00825632614 -0.0258959505 -0.0113529416 -0.0209441769 0.000173958843 0.999716171
1341846648.30219 0.0180233335 -0.0108230417 -0.0274250449 -0.0175211524 -0.0255897027 -0.0055452402 0.99950359
1341846648.33818 0.0154185141 -0.0115288903 -0.0276061727 -0.0208250468 -0.030145224 -0.00889198 0.999289005
1341846648.37023 0.0128141767 -0.011564489 -0.0294443747 -0.0224562662 -0.036899153 -0.00936372209 0.999022767
1341846648.40606 0.0122371213 -0.0119722572 -0.0329778476 -0.0240239314 -0.0465112605 -0.00915676546 0.998586855
1341846648.43835 0.0111823363 -0.0123414702 -0.0304600138 -0.0240650784 -0.0525457604 -0.00886881658 0.998289116
1341846648.47009 0.00876765023 -0.0110339984 -0.0316648695 -0.0250065038 -0.057148307 -0.00769255557 0.998022831
1341846648.50627 0.0151903101 -0.00973454768 -0.0346149295 -0.0277993191 -0.0643387081 -0.00769003394 0.997511199
1341846648.53827 0.0158592979 -0.00938475988 -0.0355741584 -0.030633603 -0.0706482847 -0.0104472224 0.996976057
1341846648.57019 0.0286716811 -0.0131110464 -0.0314606929 -0.0346064498 -0.0757886563 -0.0112609024 0.996459565
1341846648.60611 0.0470469008 -0.0133170416 -0.0364312865 -0.0373524761 -0.0829210912 -0.00970829065 0.995808533
1341846648.63841 0.0508130734 -0.0180156847 -0.025439903 -0.0382995281 -0.0935985202 -0.0112226748 0.994809788
1341846648.67408 0.0532635089 -0.0170978623 -0.0238140879 -0.0363833707 -0.0979134061 -0.0127997662 0.994447274
1341846648.70641 0.052359771 -0.0196924262 -0.0374484616 -0.037576425 -0.103324103 -0.012510531 0.993858958
1341846648.73817 0.0611736064 -0.0201308445 -0.027153793 -0.0379573983 -0.114972062 -0.0126889399 0.992562165
1341846648.77405 0.0674582817 -0.0136126676 -0.0156740607 -0.0334780122 -0.118868465 -0.0148783815 0.992233916
1341846648.80597 0.0716067253 -0.0169638159 -0.0207560397 -0.0331660628 -0.122321384 -0.0113628832 0.991871149
1341846648.83863 0.0764742425 -0.0127386066 -0.0230461752 -0.0330126519 -0.13036447 -0.00963015741 0.990869583
1341846648.87409 0.0855484648 -0.00551340213 -0.0159283318 -0.0333952451 -0.135804023 -0.0120900876 0.990098912
1341846648.90617 0.088327697 -0.00839958233 -0.0263270379 -0.036794643 -0.140588109 -0.00899606315 0.989343322
1341846648.94216 0.103319548 -0.00949474251 -0.0140479643 -0.0370492891 -0.159001923 -0.00324247726 0.986577531
1341846648.97438 0.118066085 -0.00996503903 -0.010416585 -0.0401421533 -0.172700847 -0.00308097818 0.984151174
1341846649.00618 0.131042336 -0.010530221 9.19048995e-05 -0.0437513798 -0.17836467 -0.00565158352 0.982975036
1341846649.04211 0.138718056 -0.0150564562 -0.000444056093 -0.0442392692 -0.186766032 -0.00439435261 0.981397996
1341846649.07413 0.149825166 -0.0136588208 -0.00573777787 -0.0456472544 -0.195610715 -0.0102986348 0.979564553
1341846649.1062 0.164663998 -0.00594282088 -0.00185989689 -0.0471389477 -0.198423805 -0.0190920928 0.978795896
1341846649.14208 0.167750113 -0.00826222579 -0.000751308507 -0.0500053796 -0.200588863 -0.0234079717 0.978118417
1341846649.17445 0.159406842 -0.0215223797 0.00569766648 -0.0544882143 -0.205199465 -0.0279737503 0.976801763
1341846649.21619 0.162205547 -0.0172069974 0.0219607219 -0.0550422701 -0.207202615 -0.0309926578 0.976256565
1341846649.24806 0.163049145 -0.0216583489 0.0171725966 -0.0573923409 -0.206259323 -0.0313539876 0.976309448
1341846649.28009 0.169769332 -0.0195470976 0.0119606175 -0.0613322801 -0.20937054 -0.0292567655 0.975472383
1341846649.3161 0.167300296 -0.0117688569 0.0234070401 -0.064534716 -0.209984734 -0.0330341319 0.97501304
1341846649.34805 0.171732005 -0.0260368658 0.0420245396 -0.0692465843 -0.213748004 -0.0279328963 0.974031034
1341846649.38398 0.17990128 -0.0252378146 0.0448221558 -0.0672936642 -0.219107685 -0.0241692926 0.973077197
1341846649.41606 0.190038913 -0.0122607717 0.0298027945 -0.0660327822 -0.218957277 -0.0274372257 0.973110775
1341846649.4481 0.19682492 -0.00953797113 0.0416199575 -0.0699077915 -0.21747017 -0.0302249521 0.973090992
1341846649.48416 0.19452617 -0.0239755376 0.0440158028 -0.074942183 -0.218993468 -0.0286664152 0.972421599
1341846649.51662 0.202786013 -0.0217638831 0.0504872387 -0.0738231689 -0.22213182 -0.0305552696 0.971737603
1341846649.55211 0.206566078 -0.0259218204 0.0526672974 -0.072809895 -0.220195015 -0.033351399 0.972162825
1341846649.61619 0.214231623 -0.0339901832 0.0496653517 -0.0732494416 -0.223447082 -0.0285424035 0.971540659
1341846649.63118 0.219653449 -0.0291607472 0.0542777168 -0.0717791209 -0.225771076 -0.0313082959 0.97102779
1341846649.67811 0.227660698 -0.0424837442 0.0529131574 -0.0732657629 -0.227317561 -0.0306322387 0.970577416
1341846649.71095 0.238212159 -0.0487003353 0.0361026846 -0.0725868483 -0.233708248 -0.0302663594 0.96912102
1341846649.74612 0.249205469 -0.0515866057 0.0443995855 -0.0712951761 -0.241431881 -0.0320604883 0.967264064
1341846649.77828 0.251421231 -0.0446252252 0.051493161 -0.0691743675 -0.246505599 -0.031642548 0.966151461
1341846649.81027 0.254409163 -0.0476034169 0.0462663066 -0.0685122906 -0.254298803 -0.0316056465 0.964178027
1341846649.84607 0.260999505 -0.0421081233 0.0297593164 -0.0687426404 -0.2624709 -0.0347826924 0.96185947
1341846649.87815 0.269169184 -0.0443375816 0.0367496353 -0.0740169309 -0.268751203 -0.0370463865 0.959646732
1341846649.91424 0.271671464 -0.0525629307 0.0592777538 -0.0747230444 -0.275598953 -0.0331018984 0.957792226
1341846649.95263 0.286034193 -0.043515116 0.0529114432 -0.0712647839 -0.27888876 -0.0298432319 0.957210411
1341846649.96549 0.29392857 -0.0442746999 0.0631714459 -0.0719377772 -0.27984801 -0.0263325586 0.956983095
1341846650.0142 0.299587339 -0.047532794 0.0626556411 -0.0716819056 -0.283699224 -0.0213013519 0.955993047
1341846650.04621 0.316537865 -0.0417109057 0.0696888479 -0.0699676699 -0.288249654 -0.0189683383 0.954807239
1341846650.07826 0.322601807 -0.0394368626 0.0837406702 -0.0678048715 -0.288361652 -0.0202591587 0.954902939
1341846650.11425 0.322475897 -0.0466660375 0.0845131605 -0.0673945589 -0.287721893 -0.0177360537 0.955175124
1341846650.14615 0.327122302 -0.0496060636 0.0905855029 -0.066122382 -0.290681484 -0.0157343498 0.954402711
1341846650.18224 0.33395447 -0.0464767949 0.0967903255 -0.0602774856 -0.290559323 -0.018810609 0.954771211
1341846650.21421 0.346545667 -0.0497502528 0.0870164009 -0.0599748583 -0.289555383 -0.0164372339 0.955139002
1341846650.24609 0.349680795 -0.0531315829 0.0980848528 -0.0623579767 -0.291753218 -0.0168200281 0.954310552
1341846650.28217 0.349558321 -0.0580858025 0.121093711 -0.0592806383 -0.291777377 -0.0212016755 0.954411996
1341846650.31416 0.359020709 -0.0594877109 0.105610112 -0.0562478912 -0.287369681 -0.0237931219 0.955870665
1341846650.35046 0.361818997 -0.0622288845 0.0960434622 -0.0587724159 -0.286726104 -0.0242513733 0.955900526
1341846650.38248 0.364973096 -0.0651847459 0.107710228 -0.060163498 -0.287570024 -0.0281260305 0.955454217
1341846650.41459 0.362035615 -0.0735678649 0.122591317 -0.0582364907 -0.283801944 -0.0308342469 0.956616024
1341846650.45036 0.365456925 -0.0717665879 0.10817212 -0.0571759211 -0.278080659 -0.0272405849 0.958467533
1341846650.48493 0.365513272 -0.064441587 0.0979250136 -0.0573868059 -0.274225218 -0.0304035987 0.959470117
1341846650.5141 0.355689219 -0.0741889064 0.126424252 -0.0593768095 -0.26979562 -0.0319689019 0.960553334
1341846650.55075 0.348633739 -0.0833375289 0.13644604 -0.0557065073 -0.263560502 -0.0303985426 0.962553155
1341846650.58207 0.347244841 -0.0715305989 0.10183323 -0.0496629962 -0.25511726 -0.0296101783 0.96517978
1341846650.61811 0.341132713 -0.0705259081 0.0936953982 -0.0490532464 -0.248270126 -0.0334786575 0.966868607
1341846650.65087 0.333131756 -0.0706867698 0.0918493121 -0.047924088 -0.240670419 -0.0373910306 0.968701678
1341846650.68212 0.325018221 -0.0731720018 0.083699511 -0.0471897173 -0.233150825 -0.0384210886 0.97053472
1341846650.71812 0.314513098 -0.0720714018 0.0765835804 -0.0459430497 -0.226922897 -0.0417090586 0.971933943
1341846650.75012 0.304943983 -0.0686248397 0.0742255376 -0.0434857684 -0.218883062 -0.0463652558 0.973678312
1341846650.78212 0.292112837 -0.0735597046 0.0782048565 -0.0438407388 -0.208511435 -0.0422973386 0.976120846
1341846650.81822 0.280788415 -0.0787560961 0.0707829671 -0.0421634956 -0.204112237 -0.0393177379 0.977248459
1341846650.85014 0.271009368 -0.0699180276 0.0594215439 -0.0388662189 -0.198844934 -0.0436249306 0.978287777
1341846650.88625 0.264073759 -0.0628644572 0.0612781346 -0.0380914226 -0.187986546 -0.048120305 0.980252283
1341846650.91831 0.247922359 -0.0724705337 0.0592032157 -0.0410125056 -0.175830571 -0.0416783165 0.9826823
1341846650.95024 0.237594399 -0.0694327143 0.0457412233 -0.0402158258 -0.168474885 -0.0395717598 0.984089923
1341846650.98658 0.226484281 -0.0633325134 0.048210502 -0.0394337936 -0.157932855 -0.0410037944 0.985809757
1341846651.00251 0.211966491 -0.0663880593 0.0470018245 -0.0378290296 -0.146543454 -0.0359649597 0.98782615
1341846651.05052 0.197056207 -0.0679286148 0.0325465853 -0.0389329518 -0.137848371 -0.0317627716 0.989178032
1341846651.08618 0.183070447 -0.0552609099 0.0231534864 -0.0393790181 -0.128561261 -0.034043136 0.990334469
1341846651.11843 0.17494197 -0.0637778354 0.0435665199 -0.040493058 -0.120111586 -0.0292068813 0.991504149
1341846651.1542 0.163435825 -0.0652628435 0.0425560708 -0.0366871994 -0.112619208 -0.0254599431 0.99263425
1341846651.1864 0.153594149 -0.0651900278 0.0282273184 -0.0381512522 -0.10642171 -0.0222707544 0.993339275
1341846651.21805 0.142871534 -0.0660582589 0.0265022357 -0.0402830886 -0.100709368 -0.0222319895 0.993851415
1341846651.25404 0.129640499 -0.0680277579 0.0251605459 -0.0410666027 -0.0947135069 -0.0205880158 0.994444076
1341846651.28642 0.116440087 -0.0632358303 0.0182744008 -0.0410485981 -0.0887722802 -0.0249318919 0.994893409
1341846651.31832 0.111014446 -0.0698818196 0.0150369915 -0.0441627827 -0.0848578832 -0.0252257115 0.995094192
1341846651.35414 0.0989904115 -0.0684455401 0.0177969805 -0.0429090403 -0.0783214374 -0.0292510999 0.995574678
1341846651.38659 0.0845814389 -0.0742040965 0.0202260014 -0.0430436389 -0.0703304051 -0.0271319725 0.996225243
1341846651.42225 0.0697579454 -0.0795706777 0.016111932 -0.0444136762 -0.0672486689 -0.0259678421 0.996408909
1341846651.49216 0.0495209568 -0.0793696654 0.0303979692 -0.0468622705 -0.0600319669 -0.0333574214 0.996537693
1341846651.50714 0.0362174412 -0.0856494611 0.037897456 -0.0478297759 -0.0493732611 -0.0325019595 0.997104917
1341846651.56034 0.0201933088 -0.0916815546 0.0409190331 -0.046617846 -0.0410691668 -0.0292770735 0.997638689
1341846651.57547 0.0049268392 -0.0893327789 0.0465638706 -0.0411550211 -0.0355013152 -0.0316936441 0.998018754
1341846651.6222 -0.00997017078 -0.0983185293 0.0510787054 -0.0377466343 -0.0294655388 -0.0342941142 0.998263937
1341846651.65423 -0.029992584 -0.103395536 0.0491985473 -0.035163103 -0.0244705212 -0.0323030556 0.998559594
1341846651.69048 -0.0517939912 -0.103417469 0.0487829734 -0.0306979275 -0.019771563 -0.0319011302 0.998823829
1341846651.72232 -0.0778868548 -0.105054023 0.044675136 -0.0273655621 -0.0129318061 -0.0313028565 0.999051563
1341846651.75427 -0.104263071 -0.103878938 0.0357731558 -0.0256162247 -0.00672309901 -0.0322793457 0.999127946
1341846651.79021 -0.132108906 -0.0996961217 0.0265696906 -0.0262568799 0.00108529534 -0.0360340193 0.999004979
1341846651.82224 -0.156688481 -0.103835443 0.0359747431 -0.0271338264 0.0100087342 -0.0365436409 0.998913481
1341846651.85822 -0.182475571 -0.112853749 0.0441565388 -0.0207933551 0.0175949535 -0.0347900204 0.999023377
1341846651.89046 -0.21936429 -0.115378062 0.0262070911 -0.0136583275 0.0279367567 -0.0302356325 0.999058954
1341846651.92255 -0.251558583 -0.118395687 0.0275237013 -0.012846299 0.0366935462 -0.0283605463 0.998841447
1341846651.95806 -0.281248559 -0.120165917 0.0314150498 -0.0106252537 0.0426256083 -0.0264275518 0.998685008
1341846651.99003 -0.302561209 -0.1192033 0.0422571917 -0.00298455479 0.0495538177 -0.0238003564 0.998483377
1341846652.02209 -0.33865214 -0.122233926 0.0373615299 0.00220790298 0.0581478311 -0.018778304 0.998128915
1341846652.05807 -0.374890483 -0.120613788 0.0357342292 0.00160999279 0.0637568582 -0.0202906673 0.997757866
1341846652.09011 -0.409143275 -0.120843146 0.0458496818 -0.00167490782 0.0708501655 -0.0249935536 0.997172388
1341846652.12626 -0.447290814 -0.123211517 0.052468128 -0.00389614777 0.0799609769 -0.0241568329 0.996497621
1341846652.15824 -0.477002047 -0.12438145 0.0652429093 -0.00638511024 0.0852607106 -0.0261595672 0.995994738
1341846652.19006 -0.507239686 -0.12490347 0.083928454 -0.00691670515 0.090780281 -0.0271863955 0.995475765
1341846652.22601 -0.560373816 -0.123202832 0.0903255828 -0.00523881208 0.107288177 -0.0272769024 0.993839913
1341846652.2581 -0.634235145 -0.130559661 0.0859436342 -0.00380190504 0.124619718 -0.0227494639 0.991936456
1341846652.29019 -0.674275668 -0.131530421 0.107444567 -0.000242534231 0.129902661 -0.0206503909 0.991311657
1341846652.32617 -0.687438205 -0.129351665 0.129589872 0.00666464533 0.133810324 -0.0244780663 0.990682191
1341846652.35819 -0.75531007 -0.110454522 0.105409965 0.0128341573 0.147423262 -0.019627243 0.988795448
1341846652.39432 -0.750315167 -0.113251953 0.0967433471 0.0134606103 0.146741835 -0.0176814939 0.988925179
1341846652.42629 -0.75295773 -0.114677342 0.10057416 0.0151262296 0.148445031 -0.017831438 0.988644178
1341846652.45828 -0.764228874 -0.115438972 0.111754811 0.0176868375 0.152661548 -0.0178487431 0.987959033
1341846652.49411 -0.77618508 -0.111943347 0.106360766 0.0208495925 0.155841376 -0.0175453973 0.987406157
1341846652.52648 -0.778156672 -0.103757499 0.112006765 0.0214817172 0.15939622 -0.0185758606 0.98680612
1341846652.5621 -0.787674954 -0.123664128 0.0859607732 0.0193767824 0.166350318 -0.0210748599 0.985651035
1341846652.59426 -0.784009163 -0.118311859 0.0924944236 0.0234038597 0.176991374 -0.0205060753 0.983720394
1341846652.62637 -0.872119981 -0.132316308 0.119599825 0.0219540128 0.201567601 -0.0236199929 0.978943624
1341846652.66216 -0.830864829 -0.119441621 0.138959086 0.0248220223 0.214210193 -0.0252065405 0.976146757
1341846652.69412 -0.820386666 -0.102558619 0.121045579 0.0242257551 0.235480551 -0.0346614039 0.970958604
1341846652.72641 -0.794392346 -0.126594774 0.156836317 0.0233715453 0.263832664 -0.0343293356 0.963674008
1341846652.76214 -0.846722199 -0.102024706 0.129057085 0.0289045653 0.295236306 -0.0353698003 0.954331717
1341846652.79417 -0.799984729 -0.104261038 0.150450645 0.0263027606 0.322298334 -0.0380192926 0.945508584
1341846652.83026 -0.825592312 -0.100316423 0.155719372 0.0275373866 0.351575233 -0.0360966053 0.935058064
1341846652.86202 -0.845916241 -0.107380391 0.167455228 0.0249580147 0.37044678 -0.0345834745 0.927874056
1341846652.89443 -0.835790227 -0.104611 0.201903739 0.025268403 0.389914233 -0.0343334457 0.91986391
1341846652.93036 -0.840848935 -0.104518695 0.194169002 0.0282107065 0.407512935 -0.031463601 0.912221139
1341846652.96222 -0.863880682 -0.0951694581 0.2240879 0.0269123814 0.426718724 -0.0347276397 0.903316581
1341846652.97846 -0.859012476 -0.0957655457 0.246180069 0.0235590243 0.440494575 -0.0338684189 0.896806798
1341846653.0303 -0.843478638 -0.0937145374 0.266795075 0.0239638375 0.456426666 -0.0340047465 0.888788001
1341846653.0631 -0.847785806 -0.0993619124 0.249924009 0.0273959814 0.46827022 -0.0310493489 0.882614525
1341846653.09961 -0.864569742 -0.0951777352 0.250955795 0.0276367621 0.482734806 -0.0285585058 0.874864405
1341846653.1309 -0.870638925 -0.0932089575 0.252552855 0.025201896 0.50012817 -0.027498611 0.865147678
1341846653.16295 -0.854245279 -0.0913171935 0.254634097 0.0251148371 0.514485018 -0.0280005722 0.856674021
1341846653.19845 -0.847047642 -0.084548115 0.276404744 0.0270923173 0.525952611 -0.0251773667 0.849709337
1341846653.23007 -0.857156728 -0.0829255693 0.284502114 0.0293603643 0.538520416 -0.0226825016 0.841795245
1341846653.24623 -0.835049473 -0.0798499875 0.297014663 0.0308917295 0.550444254 -0.0204415427 0.834049739
1341846653.29839 -0.834490352 -0.0784849207 0.307525939 0.0306375886 0.562177887 -0.0166271978 0.826281367
1341846653.33017 -0.832903747 -0.0780142465 0.317724675 0.0311814229 0.574169538 -0.013299281 0.818034345
1341846653.36633 -0.846862382 -0.0592471101 0.335981099 0.0338012932 0.585153464 -0.00954125264 0.810161626
1341846653.39826 -0.862630238 -0.0558482169 0.329601969 0.0350324641 0.592544929 -0.00657681285 0.804748395
1341846653.43006 -0.879456849 -0.0536849762 0.36019549 0.0364846497 0.603398026 -0.00740108382 0.796570723
1341846653.46635 -0.925410896 -0.071762101 0.328210177 0.0294215943 0.605321864 -0.0113630496 0.795355702
1341846653.49822 -0.904340223 -0.0521200705 0.375288856 0.0369883554 0.613565189 -0.00938979394 0.788721403
1341846653.53047 -0.906172387 -0.0478855597 0.377258829 0.037228443 0.615468679 -0.0121489609 0.787187875
1341846653.56695 -0.898276591 -0.0510228449 0.38540087 0.0373268245 0.61710133 -0.0141422284 0.785870635
1341846653.59823 -0.908713804 -0.046674868 0.391602258 0.0380676771 0.618414732 -0.0128646191 0.784823912
1341846653.6348 -0.903656539 -0.0461651343 0.401984339 0.0364051784 0.617892513 -0.0136044393 0.785301486
1341846653.66615 -0.913925036 -0.040895306 0.399500222 0.0384274787 0.616062232 -0.0121065549 0.786666439
1341846653.69875 -0.91418775 -0.0404234654 0.402089432 0.0369033894 0.6127024 -0.0109996322 0.789375016
1341846653.73433 -0.904416517 -0.042549818 0.413954851 0.0340783164 0.6089289 -0.00994388273 0.792430049
1341846653.76643 -0.904285422 -0.0459705941 0.417159379 0.0324890001 0.606655563 -0.00864646099 0.794253569
1341846653.80236 -0.934959893 -0.0347249799 0.406019489 0.0320043229 0.600124888 -0.00785210076 0.799227243
1341846653.83423 -0.935979198 -0.0262464679 0.412836886 0.0333589167 0.591964083 -0.00583634089 0.805252535
1341846653.86623 -0.911225283 -0.0409553111 0.432682436 0.0307688768 0.587322679 -0.00578955678 0.808747073
1341846653.90218 -0.92621927 -0.0369016684 0.428054677 0.0292751868 0.579714713 -0.00368318947 0.814285115
1341846653.93417 -0.929841359 -0.0455620438 0.431046733 0.0256816725 0.572304639 -0.00493307639 0.819624009
1341846653.9669 -0.930677384 -0.0402186899 0.442546678 0.0235586235 0.566574672 -0.00621833319 0.823650086
1341846654.00218 -0.937310181 -0.0434752451 0.435051569 0.0178541993 0.557676647 -0.00770164382 0.829830507
1341846654.03415 -0.928738783 -0.0439076574 0.442210581 0.0137373834 0.550219288 -0.0075804002 0.834872779
1341846654.07019 -0.909705429 -0.0482136125 0.457619243 0.0158680449 0.539980201 -0.00694342637 0.841499481
1341846654.10245 -0.897533559 -0.0454474764 0.462210363 0.0195177262 0.528532469 -0.00966799794 0.848633618
1341846654.13436 -0.886741117 -0.052668223 0.486993889 0.0223653218 0.521075665 -0.00724626727 0.853186636
1341846654.17054 -0.887551838 -0.0447984238 0.467854325 0.0253483286 0.503293201 -0.0116627212 0.863665095
1341846654.20209 -0.885827079 -0.0386708107 0.468588959 0.0265299292 0.490161196 -0.0155878243 0.871088506
1341846654.23444 -0.866030514 -0.041395188 0.490004202 0.0272357499 0.482532823 -0.018531047 0.875258184
1341846654.27012 -0.85850808 -0.0512814081 0.504610842 0.0253476362 0.470365318 -0.0220910051 0.881831023
1341846654.30212 -0.840942718 -0.0399256986 0.495190862 0.0241097763 0.452296187 -0.0284523384 0.89108773
1341846654.33808 -0.848456423 -0.0306456595 0.504978884 0.0245256159 0.448552866 -0.0289109115 0.892951835
1341846654.36999 -0.84156499 -0.0377692599 0.523082671 0.0237607186 0.438104895 -0.0262333625 0.898226775
1341846654.40218 -0.826109707 -0.0366208153 0.501681824 0.0247064676 0.409668515 -0.0292116694 0.911431828
1341846654.43814 -0.823191304 -0.0453421102 0.496679079 0.0201917762 0.399816574 -0.0264535504 0.915990835
1341846654.47044 -0.821675184 -0.0439639308 0.494668763 0.0179346721 0.389724861 -0.0279271863 0.920333066
1341846654.50268 -0.814238549 -0.0518518037 0.497109962 0.0172799419 0.365316829 -0.0276172372 0.930313015
1341846654.53909 -0.794960647 -0.0487199804 0.504460028 0.014793499 0.353342674 -0.0317599707 0.934837639
1341846654.57006 -0.803388975 -0.043480855 0.504570434 0.0125932378 0.349178958 -0.0339268185 0.936357003
1341846654.60604 -0.805818033 -0.0501372242 0.497073242 0.0113639791 0.327551325 -0.0359889357 0.944079332
1341846654.63799 -0.805061253 -0.0606246747 0.502768829 0.0131822153 0.313289222 -0.0337644256 0.948965782
1341846654.67016 -0.801096875 -0.0556762799 0.486316752 0.0168481931 0.307720388 -0.0331085818 0.950751347
1341846654.70603 -0.772543286 -0.0583338808 0.487348066 0.0180573069 0.287895662 -0.0355632097 0.956830852
1341846654.7385 -0.782980077 -0.0826302476 0.43317011 0.0194937018 0.271521237 -0.033605181 0.961648015
1341846654.77406 -0.838188972 -0.110592678 0.114596866 0.0267048082 0.256141238 -0.0160039561 0.966137875
1341846654.80605 -0.841433408 -0.108086448 0.122117429 0.024764363 0.245723477 -0.0133439953 0.968931699
1341846654.83807 -0.829768904 -0.107640233 0.118024171 0.0249375141 0.227635734 -0.0138038938 0.973329104
1341846654.87414 -0.814395675 -0.0953834112 0.102605184 0.0244898001 0.214467156 -0.0131348574 0.976335785
1341846654.90621 -0.81337931 -0.105795356 0.0920184979 0.0185343958 0.204220166 -0.0137344347 0.978653138
1341846654.93822 -0.808274092 -0.112753788 0.084747533 0.0200423819 0.187068413 -0.0138699984 0.982044467
1341846654.97464 -0.81025745 -0.115375098 0.0751538608 0.0246718017 0.169875089 -0.0120175427 0.985083415
1341846655.00613 -0.803285259 -0.105021863 0.06442199 0.0238684153 0.157093351 -0.0113801354 0.987229695
1341846655.04225 -0.775539482 -0.0885988686 0.0524963613 0.0256632932 0.134042134 -0.0078003904 0.990612566
1341846655.07419 -0.80100953 -0.121652367 0.0251305439 0.0222018649 0.115746811 -0.012006951 0.992957998
1341846655.10615 -0.796439909 -0.120900729 0.0243805046 0.0219069073 0.103382966 -0.0137894247 0.994304733
1341846655.14208 -0.790286583 -0.0980275836 0.00969023763 0.0245953778 0.0807609407 -0.0130593114 0.996344414
1341846655.17403 -0.790921626 -0.107294364 0.0132340524 0.0202408761 0.0596591561 -0.0153512061 0.997895502
1341846655.20613 -0.776905306 -0.10166805 0.00200135634 0.0186081799 0.0476380924 -0.0178360995 0.998532033
1341846655.24208 -0.779330098 -0.108623323 0.0181204164 0.0190241253 0.0352706641 -0.0180801003 0.999033119
1341846655.27422 -0.770466087 -0.10544589 0.0105471372 0.0229477732 0.0300088414 -0.0177981486 0.999127667
1341846655.31018 -0.755787455 -0.114585792 0.0119023773 0.0275745392 0.026589442 -0.0152901752 0.999149066
1341846655.34225 -0.745878361 -0.110763718 0.00245863648 0.0353948074 0.0198531196 -0.0115263314 0.999109706
1341846655.37414 -0.732138239 -0.109871856 -0.00118315078 0.0382613 0.0160523529 -0.00939118371 0.99909469
1341846655.41021 -0.71890986 -0.109854415 0.00961972841 0.0404752314 0.0138988134 -0.00495533614 0.999071581
1341846655.44228 -0.709587495 -0.105920369 0.0184736737 0.0470037774 0.00393697986 0.00301117664 0.998882414
1341846655.47421 -0.688169501 -0.100037825 0.00625477561 0.0483835488 -0.00903156443 0.00513210841 0.998774812
1341846655.51028 -0.667990036 -0.093545158 -0.00267039498 0.0451489696 -0.0226838567 0.00519545879 0.998709177
1341846655.54239 -0.654955769 -0.0954467953 0.00291669865 0.0403046998 -0.0323230274 0.0072659984 0.998638052
1341846655.57814 -0.637379413 -0.09528879 0.0127645261 0.0380320215 -0.0420007313 0.00900469686 0.998352853
1341846655.59411 -0.622451327 -0.0955877496 0.02293283 0.0348274213 -0.0540175282 0.0122438105 0.997857328
1341846655.64236 -0.600141965 -0.101658193 0.0297288122 0.0304968229 -0.0663427426 0.0117677181 0.997261302
1341846655.67813 -0.584969514 -0.0967689676 0.0466826423 0.0319356402 -0.0790176434 0.0193424066 0.996173779
1341846655.71008 -0.568777919 -0.0895888074 0.0418684087 0.0347368965 -0.0918319513 0.0254603594 0.994842707
1341846655.74806 -0.536530208 -0.0873314944 0.0316108463 0.0319729418 -0.106587683 0.0263465926 0.993439809
1341846655.76307 -0.517586181 -0.0915281983 0.0497259439 0.0285346841 -0.1179709 0.0307678757 0.99213002
1341846655.81024 -0.505004431 -0.115063155 0.0734866675 0.023667259 -0.130369273 0.033836571 0.99060527
1341846655.84627 -0.473411972 -0.113374597 0.0680737755 0.0207584875 -0.144719179 0.0368779218 0.988567379
1341846655.91038 -0.449621137 -0.121429113 0.10686543 0.0121890977 -0.167991566 0.0354849016 0.98507415
1341846655.94625 -0.424856046 -0.120113058 0.112721524 0.0107208328 -0.181810497 0.0366865047 0.982590509
1341846655.97887 -0.399210359 -0.129339305 0.110340084 0.0053902869 -0.191688153 0.0385951815 0.98068191
1341846656.01457 -0.383689913 -0.143081105 0.114492335 -0.000355789539 -0.196645657 0.0415421227 0.979594105
1341846656.04651 -0.368958415 -0.150204568 0.12894712 -0.00303781209 -0.202272748 0.0420241495 0.978422443
1341846656.07845 -0.357222365 -0.156550837 0.141316413 -0.00450260421 -0.208089001 0.0447456566 0.977075494
1341846656.11424 -0.348247122 -0.165862786 0.151575849 -0.00862506271 -0.214240107 0.0460453519 0.975657015
1341846656.14617 -0.340189489 -0.177727015 0.17559405 -0.0127607794 -0.222043119 0.0470458172 0.973817594
1341846656.17816 -0.338774094 -0.167995543 0.177635036 -0.0112324223 -0.228679938 0.047054517 0.972298921
1341846656.21414 -0.329778687 -0.168283725 0.185623875 -0.01174043 -0.235551671 0.0465892435 0.970673485
1341846656.24611 -0.32184234 -0.164053211 0.189754041 -0.0104341425 -0.239579676 0.0476883652 0.969648662
1341846656.28257 -0.321269454 -0.154169366 0.194249828 -0.00973394131 -0.242362779 0.0466084438 0.969016608
1341846656.31426 -0.327638994 -0.15498937 0.175831093 -0.0107664975 -0.245565855 0.0438287604 0.968328732
1341846656.3461 -0.323539473 -0.143157016 0.172605421 -0.0110452315 -0.250101527 0.0421733817 0.967237631
1341846656.38223 -0.337146208 -0.171110378 0.133377253 -0.01706829 -0.250552935 0.0415720789 0.967059286
1341846656.41426 -0.369118723 -0.187326625 0.105532362 -0.0169315064 -0.254998102 0.0416281704 0.965896675
1341846656.44619 -0.354957568 -0.164843182 0.0664144889 -0.0153840549 -0.262951321 0.0400985086 0.963852708
1341846656.48227 -0.360678012 -0.166703629 0.0641628657 -0.0203378832 -0.268270705 0.0391687847 0.962332066
1341846656.51959 -0.354233561 -0.168947231 0.0608589626 -0.0200983297 -0.276029704 0.0402495289 0.960095638
1341846656.535 -0.338872788 -0.16457929 0.0439611664 -0.0209042714 -0.280192822 0.0397270148 0.958893507
1341846656.58225 -0.339315628 -0.162422574 0.0344264645 -0.0247464733 -0.282002347 0.0389938067 0.958301503
1341846656.61423 -0.339212756 -0.161978926 0.0335152025 -0.0259530981 -0.284693506 0.0399855136 0.95743261
1341846656.65001 -0.341992108 -0.155613519 0.0255617637 -0.0251652766 -0.285343344 0.0386344312 0.957315656
1341846656.68208 -0.347561737 -0.159657935 0.024197059 -0.026131035 -0.28835433 0.0385899658 0.956388919
1341846656.71422 -0.344411139 -0.153018272 0.011873821 -0.0264938529 -0.292425136 0.0397403993 0.955094925
1341846656.75001 -0.34607963 -0.155165997 0.00583229585 -0.0295349636 -0.293315732 0.039910491 0.954725468
1341846656.78272 -0.348948726 -0.159659676 0.00550176793 -0.0300280693 -0.295108142 0.0402659975 0.954142625
1341846656.82442 -0.345760179 -0.154968025 0.00465435245 -0.0295664009 -0.298294893 0.0401168323 0.953171876
1341846656.85623 -0.340971034 -0.150366739 0.00413351209 -0.0322069462 -0.299642044 0.039890153 0.952673152
1341846656.89206 -0.344998078 -0.14462571 0.00628582549 -0.0330813578 -0.297143563 0.0387700544 0.953471662
1341846656.9241 -0.342619345 -0.14161991 0.00930614526 -0.0328617299 -0.296535634 0.0386909651 0.953671712
1341846656.95612 -0.34587437 -0.13723525 0.00121059864 -0.0338976343 -0.290222506 0.0371015417 0.955638699
1341846656.99213 -0.343987356 -0.142616686 0.012122341 -0.0366067351 -0.283788119 0.0391244037 0.957388913
1341846657.02412 -0.345043041 -0.144609403 0.00993303402 -0.0366611272 -0.280703058 0.039389217 0.958285054
1341846657.05659 -0.349190228 -0.140089514 -0.000299210309 -0.0366933744 -0.27366401 0.0402000616 0.960284104
1341846657.09203 -0.338217391 -0.151461985 0.00110422624 -0.0350519679 -0.264135391 0.0428763074 0.962894323
1341846657.12403 -0.341398213 -0.149517737 0.00819390516 -0.0275884212 -0.253244527 0.0455990894 0.96593313
1341846657.15601 -0.34215459 -0.153074376 0.0232807756 -0.0241225439 -0.242443275 0.047742603 0.96868984
1341846657.1921 -0.341475314 -0.152579526 0.0166565379 -0.0221042123 -0.22532271 0.0454686964 0.972971571
1341846657.22421 -0.33134568 -0.145857127 0.0135834937 -0.0193167852 -0.215827621 0.0432002616 0.97528408
1341846657.29219 -0.336354385 -0.15802369 0.0281575423 -0.0196942958 -0.195497496 0.0377854878 0.979778098
1341846657.30675 -0.316876007 -0.160954845 -0.00180516684 -0.0201250248 -0.187312177 0.0360420435 0.981432679
1341846657.35465 -0.302242051 -0.159794576 -0.0149514053 -0.0212019289 -0.178665981 0.0350382531 0.983057102
1341846657.38641 -0.276780504 -0.157837604 -0.00627366105 -0.0211988249 -0.170711703 0.0365045127 0.984416347
1341846657.41811 -0.259984577 -0.152580193 -0.0301008742 -0.0189008061 -0.159113501 0.036743123 0.986395253
1341846657.45451 -0.241518981 -0.145683312 -0.0309401355 -0.0161139292 -0.150312661 0.0350807529 0.9878845
1341846657.4864 -0.220195057 -0.140841706 -0.024594173 -0.0147746075 -0.140376862 0.0333953615 0.989424478
1341846657.52213 -0.21110665 -0.138841903 -0.00344648976 -0.0119050792 -0.127649748 0.0326140679 0.991211447
1341846657.55407 -0.183876474 -0.13482087 -0.0105730542 -0.00632073527 -0.123397699 0.0264455559 0.991984722
1341846657.58608 -0.155450199 -0.130293688 -0.0173340223 -0.00562482297 -0.113630749 0.0224939015 0.993252455
1341846657.62221 -0.122990677 -0.149147043 0.0456067918 -0.0107493826 -0.110783022 0.0243900411 0.993487141
1341846657.65417 -0.0295181196 -0.133138272 -0.0409237089 -0.00349415602 -0.125387612 0.00820622855 0.992067737
1341846657.68653 0.00649033384 -0.135031002 -0.0493456823 -0.00313949703 -0.117386305 0.0043542188 0.99307182
1341846657.72208 0.0436759695 -0.142517672 -0.0217187078 -0.00239313293 -0.113153389 0.00549095601 0.993559476
1341846657.75411 0.083802996 -0.127043283 -0.024105116 0.000465284255 -0.112555427 0.00292108348 0.993641045
1341846657.79008 0.0407917799 -0.0649691281 -0.0416953847 0.00616938288 -0.0898484458 0.00172313642 0.99593485
1341846657.8221 0.0588685142 -0.0790636841 -0.00853521318 0.00567111464 -0.0752353521 0.00221430007 0.997147219
1341846657.85398 0.0678175053 -0.0759231744 0.0290687866 0.00946245275 -0.0655707828 0.0107791036 0.99774483
1341846657.89 0.0768835214 -0.05214801 0.0159210254 0.0112702978 -0.0533471777 0.00232279609 0.998509721
1341846657.92234 0.0709858971 -0.0611450751 0.0423611092 0.0113214995 -0.0387890457 0.00171722938 0.999181808
1341846657.9542 0.0467850404 -0.0515757056 0.0134019333 0.0127128765 -0.025725869 0.00187923337 0.99958643
1341846657.99015 0.0604530957 -0.0587079831 0.0284225309 0.00866984836 -0.0175509881 0.00327021837 0.999803032
1341846658.02242 0.0357526557 -0.0808732688 0.0154971052 0.00783790408 -0.00550326308 0.00477749534 0.999942727
1341846658.07413 0.0357057784 -0.0699667211 0.0100873393 0.0112840389 0.00129441409 0.00560364118 0.999919794
1341846658.09024 0.0463236397 -0.0699856509 0.0209492718 0.0102639272 0.0075453315 0.00440318993 0.999909162
1341846658.12237 0.032393648 -0.0690972859 0.00871575946 0.00912094122 0.0171917111 0.00647464213 0.999789644
1341846658.15814 0.0233314938 -0.0706951336 0.00215391894 0.00729658029 0.0211334301 0.00790231492 0.999718806
1341846658.1901 0.0317043404 -0.0734396503 0.0159716485 0.00493838354 0.0261851181 0.00620121744 0.999625678
1341846658.22612 0.00846033166 -0.0868421299 0.0133578619 0.00457511449 0.0352483602 0.0057752128 0.999351424
1341846658.25814 0.0187177633 -0.0729069842 0.00749719056 0.0083137616 0.0358332672 0.00536240826 0.999308813
1341846658.29003 0.0326400466 -0.0576502005 0.0187603579 0.00841143512 0.0380654371 0.00210725063 0.999237624
1341846658.32624 0.0247459215 -0.056701205 0.0217359081 0.00913243052 0.0422969134 -0.000881209455 0.999062958
1341846658.35825 0.0107311038 -0.0504979032 0.0171232487 0.00614050815 0.0442199677 -0.00549970324 0.998987809
1341846658.39022 0.0243468826 -0.0501265746 0.0156611898 0.000738868518 0.0419603616 -0.00766591574 0.999089594
1341846658.42631 0.0171550949 -0.0602998038 0.0237918103 -0.00208472819 0.046351674 -0.00914603149 0.998881137
1341846658.45817 0.000676142373 -0.0613024202 0.0235858224 -0.000555617692 0.0462711763 -0.00670332103 0.998906269
1341846658.49418 -0.00532295082 -0.038852056 0.0180590956 -0.000341443465 0.0421470997 -0.00521546727 0.999097745
1341846658.52627 -0.00172245778 -0.028300675 0.0193304891 -0.00925973318 0.0401793818 -0.00641571444 0.999128977
1341846658.55815 -0.0337512728 -0.0494670219 -0.00135209957 -0.0216319517 0.0425140299 -0.00830867873 0.998827103
1341846658.59422 -0.0585926463 0.0122075995 0.00280684869 -0.0342271852 0.041284066 -0.0152308767 0.998444864
1341846658.62611 -0.0505220792 -0.0278507267 0.0153797339 -0.0572696779 0.0354672588 -0.017743797 0.997570757
1341846658.65822 -0.0508360427 -0.0290840454 0.0171624474 -0.064600304 0.0314645686 -0.014095264 0.997315449
1341846658.69415 -0.0474135648 0.0190834262 -0.00294919029 -0.069956778 0.0302974427 -0.0127805259 0.99700791
1341846658.72616 -0.0652297785 0.0127259598 -0.00106030831 -0.0824741549 0.0302504207 -0.0133224296 0.996044898
1341846658.76211 -0.0395863091 -0.0154442588 0.000905513069 -0.0921664204 0.0180194022 -0.00591549432 0.995562986
1341846658.79421 -0.032547569 -0.00516629115 -0.00691874366 -0.0929703089 0.0171110109 -0.00631194719 0.99550183
1341846658.82617 -0.042483383 0.00197645827 -0.00556702147 -0.103197764 0.0219843788 -0.00851633517 0.994381406
1341846658.86221 -0.0667746864 -0.0384888312 -0.00263250116 -0.117339508 0.0216195221 -0.00621573852 0.992837046
1341846658.89418 -0.0657747371 -0.0715712156 -0.0164228365 -0.126766952 0.0222909699 0.00293897725 0.991677677
1341846658.91016 -0.0380998519 -0.0531541294 0.00280359012 -0.131920101 0.0249104876 -0.00106328232 0.990946731
1341846658.96234 -0.0597236118 -0.0630298426 0.00484154407 -0.140436291 0.0262108957 -0.00104803256 0.989742158
1341846658.99422 -0.0485203732 -0.0640565595 0.00659901966 -0.141257676 0.022441694 7.6701363e-05 0.989718462
1341846659.03039 -0.0254998615 -0.062908643 0.0115508496 -0.139303661 0.0197608791 -0.000680164542 0.990052289
1341846659.06204 -0.0502033404 -0.0771454595 0.00564586019 -0.137402401 0.0233160271 -0.000157696518 0.990240839
1341846659.09411 -0.0419766095 -0.0648832278 0.000781937619 -0.133837685 0.0208659209 -0.00166473442 0.990782174
1341846659.13037 -0.042457422 -0.0712899973 0.00245880915 -0.136449691 0.0244072154 -0.00406085356 0.990337962
1341846659.16255 -0.0547036061 -0.10032141 0.00812377276 -0.138932558 0.0268420022 -0.00264658848 0.989934466
1341846659.19872 -0.0378451175 -0.07175343 0.0051491382 -0.131029095 0.0223299473 -0.0031847331 0.991121893
1341846659.23143 -0.016356617 -0.0635081067 0.00162394106 -0.130323703 0.0229616939 -0.00465803802 0.991194631
1341846659.26356 -0.0486478828 -0.0823571272 0.00736635301 -0.134322689 0.0304966824 -0.00215268288 0.990465917
1341846659.29941 -0.0334141176 -0.0695519543 0.00278305735 -0.132283139 0.0260652325 -0.0007277415 0.990868934
1341846659.33119 -0.021096194 -0.0698492206 -0.00163971695 -0.133622615 0.0260796167 -0.000651303528 0.990688864
1341846659.36283 -0.0368043847 -0.0756710976 0.00615975126 -0.13479343 0.0310350564 0.0003998889 0.990387498
1341846659.39884 -0.0453435847 -0.0802972011 0.00674629264 -0.133264848 0.0319017841 0.00282874158 0.990562847
1341846659.43072 -0.019544287 -0.0696492511 0.00255583739 -0.131066613 0.0269368732 0.00180426401 0.991005899
1341846659.4666 -0.0274445357 -0.0638484243 0.00566502122 -0.131309832 0.0315226503 0.00257017166 0.99083674
1341846659.49897 -0.0392192685 -0.0792610364 0.00415421679 -0.131940989 0.0326942063 0.00312004064 0.990713344
1341846659.53031 -0.0301250618 -0.0730108087 0.00312694632 -0.12878289 0.0298937483 0.00281454835 0.991218144
1341846659.56658 -0.0234754046 -0.0707009478 0.00288011534 -0.127712643 0.0315167112 0.00208777293 0.991308135
1341846659.59813 -0.0428899385 -0.0755791557 0.00955004841 -0.126853661 0.0368858779 0.00238039219 0.991232523
1341846659.63055 -0.0421477722 -0.072299374 0.00506119552 -0.123589743 0.0338451184 0.00385171771 0.991748581
1341846659.66642 -0.0270679045 -0.0671943005 0.00119989748 -0.123262276 0.0313011702 0.0013448759 0.991879448
1341846659.69824 -0.0499174733 -0.0772287321 -0.00520071243 -0.12589926 0.0360764848 0.00152869618 0.99138566
1341846659.73418 -0.0574977367 -0.0807339817 -0.00422652936 -0.125891419 0.0310774472 0.000343049782 0.991557071
1341846659.76643 -0.0345155974 -0.0803464398 0.00427700891 -0.126152571 0.0247175286 -0.00264662666 0.991699333
1341846659.79811 -0.0361025359 -0.0829917204 0.00184117179 -0.126140859 0.0254653806 -0.00363201638 0.991678782
1341846659.83408 -0.0580964698 -0.0873235294 -0.00152739515 -0.125200803 0.0258564638 -0.00308076309 0.991789651
1341846659.86684 -0.0503219868 -0.0747541142 -0.00431893641 -0.122317876 0.0208056188 -0.00234712659 0.992270102
1341846659.89813 -0.0504399575 -0.076838112 -0.00352552974 -0.122300869 0.0195339163 -0.00119763647 0.9923001
1341846659.93429 -0.0599319541 -0.0821822006 -0.00309738515 -0.120119098 0.0188191261 1.83456478e-06 0.992581101
1341846659.96636 -0.048171157 -0.0781905624 -0.00755187053 -0.117257088 0.012191714 0.000316273874 0.993026705
1341846660.00227 -0.0383429185 -0.073599986 -0.0109580474 -0.115480311 0.00930789656 -0.00143471918 0.993265122
1341846660.0346 -0.0437213686 -0.0858712686 -0.00929392929 -0.115529869 0.00955198902 -0.00255301323 0.993254797
1341846660.06621 -0.0677518336 -0.0974585715 -0.0053336462 -0.113417671 0.00824885329 -0.00292624267 0.993508845
1341846660.10225 -0.0552924262 -0.0891200605 -0.00464557975 -0.108649359 0.00380458516 -0.00471866308 0.994061656
1341846660.14029 -0.0466981911 -0.0842315326 -0.00965448053 -0.106859819 0.00292568666 -0.00616466929 0.994250681
1341846660.15412 -0.0701589867 -0.091197729 -0.0143678236 -0.106573061 0.00364493765 -0.0051697478 0.994284753
1341846660.20233 -0.0649793874 -0.0886829291 -0.00755259091 -0.103223352 -0.00102632993 -0.00715271416 0.994631954
1341846660.2344 -0.047417906 -0.08230611 -0.00470729989 -0.098731528 -0.00329962297 -0.00700524606 0.995083979
1341846660.27017 -0.0918782726 -0.132740386 0.00611069836 -0.100620605 0.00319251258 -0.0111328103 0.994857458
1341846660.3023 -0.112136722 -0.128588074 0.00793293782 -0.0854047753 0.00223236146 -0.0113954984 0.996278668
1341846660.33436 -0.111751364 -0.118989652 0.00620814788 -0.0723275156 0.00139538072 -0.0151557198 0.997264803
1341846660.37022 -0.103451172 -0.109568386 -0.00154528437 -0.0658574143 0.0010627317 -0.0141002825 0.997728848
1341846660.402 -0.0942200683 -0.0888758468 -0.00789167295 -0.0621344518 -0.00309357298 -0.0139268172 0.997965823
1341846660.43807 -0.0865883639 -0.0936673674 -0.00312341812 -0.0623622201 -0.00515769368 -0.0147472379 0.997931296
1341846660.4702 -0.0942336607 -0.0973951362 -0.00315787885 -0.0599269057 -0.00392897302 -0.0141761856 0.998094367
1341846660.50225 -0.099548578 -0.0958663241 -0.0067857927 -0.0576992706 -0.00531174295 -0.0140198462 0.99822143
1341846660.53801 -0.0869646739 -0.0893535834 -0.0042195275 -0.0568215901 -0.00788884729 -0.0130211845 0.998268261
1341846660.57029 -0.091744911 -0.100815847 -0.0026937604 -0.057473762 -0.00572047988 -0.0117022691 0.99826204
1341846660.60215 -0.101801218 -0.10526701 -0.00716859594 -0.0540693536 -0.00668693235 -0.00822355884 0.998480928
1341846660.63856 -0.0902334316 -0.0886654391 -0.00608611432 -0.0506197026 -0.0103436791 -0.00801234953 0.998632293
1341846660.67036 -0.0818261237 -0.095995367 -0.00375806647 -0.0523137254 -0.00785413171 -0.00784801494 0.998568974
1341846660.70648 -0.104378447 -0.124210266 -0.000867806638 -0.0520568263 -0.0033271397 -0.00562402253 0.998622745
1341846660.73825 -0.0882261985 -0.110593417 -0.00216452871 -0.0433171676 -0.0075304274 -0.00259019446 0.999029632
1341846660.77013 -0.0725454304 -0.103580185 -0.00454251585 -0.0402249435 -0.00594840754 -0.00161271924 0.999171642
1341846660.80613 -0.0903019706 -0.119985413 0.000159798541 -0.0377316936 0.00140500994 -0.00336278713 0.99928126
1341846660.83835 -0.108750005 -0.136744348 0.00110077169 -0.0313334989 0.00349213214 -0.00155603709 0.999501674
1341846660.87052 -0.0861923275 -0.126837099 -0.00439047203 -0.0215240983 0.00147589847 -0.000536564755 0.999767096
1341846660.90637 -0.0802763175 -0.127589766 0.00360114861 -0.016542713 0.00645158308 -0.00133562928 0.999841453
1341846660.93808 -0.100768517 -0.155013271 0.00594020105 -0.0110353253 0.0103443975 0.000227361486 0.999885575
1341846660.97415 -0.096230785 -0.141309368 0.00513241797 0.00315747769 0.00915142741 5.75583609e-05 0.999953138
1341846661.00667 -0.0783153703 -0.117252267 -0.00136451423 0.01098144 0.0107156349 0.00126789133 0.999881481
1341846661.03824 -0.103915244 -0.146406388 -0.00521957668 0.0100731682 0.015043392 0.00084850521 0.99983574
1341846661.07407 -0.106853474 -0.149541454 0.00283531379 0.0217254475 0.0128227461 0.000606713744 0.999681556
1341846661.10619 -0.0847406288 -0.133608496 -0.00602379251 0.032243458 0.0116721587 0.00160515336 0.999410598
1341846661.13821 -0.0784388979 -0.118871221 -0.00795024369 0.0322437477 0.0113729321 0.0025970232 0.999411953
1341846661.17425 -0.0766644387 -0.130344933 -0.00151184667 0.0319234851 0.0112517674 0.00151557396 0.999425831
1341846661.20621 -0.0773342518 -0.132071523 -0.00384357432 0.0351897757 0.0121583004 0.0019993376 0.999304687
1341846661.24219 -0.0799835082 -0.122390851 -0.006594402 0.037505623 0.0125124028 0.00239313462 0.999215213
1341846661.27419 -0.0760129918 -0.122204881 -0.00949944098 0.0356713642 0.0128033663 0.00155420052 0.999280347
1341846661.30883 -0.079981625 -0.128619285 -0.00658062245 0.0331188691 0.0128796475 0.00221129277 0.999365982
1341846661.34273 -0.070790316 -0.127917647 -0.00911491097 0.0325932611 0.0106918825 0.00216796036 0.999409157
1341846661.37503 -0.0703213686 -0.129105949 -0.00592646925 0.0315605061 0.0108838704 0.00191994393 0.999440738
1341846661.41019 -0.0855478974 -0.151116101 0.0015119154 0.0325094885 0.010828423 0.00221702557 0.999410308
1341846661.44222 -0.072247011 -0.130694024 -0.00625411989 0.0396419439 0.00754902714 0.00230619838 0.999182771
1341846661.47436 -0.0739851387 -0.123893938 0.000558303882 0.0389597637 0.0092352884 0.00116361366 0.999197424
1341846661.51017 -0.0846812512 -0.12174835 -0.00948224774 0.0367923941 0.00885400338 0.00175657077 0.999282163
1341846661.54327 -0.0912214158 -0.128171004 -0.0416706857 0.030175512 0.00796544245 -0.00571396075 0.999496544
1341846661.57423 -0.0795768204 -0.140156466 -0.0161652235 0.0270831757 0.00773082871 -0.0044326146 0.999593461
1341846661.61005 -0.0869160942 -0.137832328 -0.016037859 0.0306381373 0.00527176277 -0.00314850265 0.999511681
1341846661.64226 -0.076136959 -0.126827921 -0.0216549965 0.0307735314 0.00347838022 -0.00306958602 0.999515617
1341846661.67809 -0.0815261338 -0.141081014 -0.0174819685 0.02771362 0.00378535032 -0.00228525269 0.999606124
1341846661.71015 -0.0885033437 -0.154023668 -0.0131879871 0.0298588283 0.00249205428 -0.00276205876 0.999547203
1341846661.74235 -0.0800426235 -0.17351194 -0.0169745787 0.0354286085 -3.57041151e-05 -0.00274698746 0.999368434
1341846661.77807 -0.0773552193 -0.162578609 -0.0221841336 0.0465183004 -6.18694631e-05 -0.00448502629 0.998907367
1341846661.81011 -0.0773526603 -0.166162444 -0.022465507 0.0531923943 0.000214075835 -0.00556904023 0.99856873
1341846661.84222 -0.142581913 -0.172609921 -0.00913678816 0.0587264623 0.010193433 -0.0123666705 0.998145461
1341846661.87817 -0.201318722 -0.187275716 -0.00260100075 0.0598854164 0.0221636805 -0.0158150099 0.997833851
1341846661.91023 -0.256663709 -0.183312776 0.00902493325 0.0620468905 0.0345477175 -0.0160802896 0.997345508
1341846661.9461 -0.328334274 -0.18144196 0.0310816163 0.0658511979 0.0473890386 -0.0166237303 0.996564875
1341846661.96215 -0.391172668 -0.178078305 0.0519195128 0.0721543511 0.0589908791 -0.0182290502 0.995480551
1341846662.01032 -0.446289954 -0.171434649 0.0829401612 0.083002498 0.070628233 -0.0209234532 0.993823147
1341846662.04632 -0.505538778 -0.177911811 0.0822474933 0.0895628765 0.0772400827 -0.0225563198 0.992725377
1341846662.07811 -0.546568958 -0.183459659 0.0560849814 0.0940414703 0.0794336824 -0.0244627811 0.99209277
1341846662.11068 -0.582834908 -0.17672886 0.0492196484 0.102165095 0.0829312826 -0.0263945068 0.99095309
1341846662.14625 -0.619305925 -0.177258831 0.0564258761 0.10989991 0.0861477893 -0.0302365029 0.989740533
1341846662.17818 -0.645434376 -0.170785481 0.0175579803 0.117716471 0.0856298083 -0.0280807348 0.988949868
1341846662.21414 -0.582170904 -0.187337777 0.0658064531 0.129877142 0.0836909122 -0.0263368281 0.987640689
1341846662.24617 -0.585428468 -0.193253775 0.0726123284 0.139458615 0.082557594 -0.0253049693 0.986455877
1341846662.27801 -0.578564081 -0.175769149 0.0729304262 0.145410378 0.0824766883 -0.0289745261 0.985501849
1341846662.31422 -0.581637374 -0.185803277 0.069523956 0.150078672 0.0848357343 -0.0292600581 0.98459288
1341846662.34617 -0.617323343 -0.182327234 0.0844610087 0.154806432 0.087512318 -0.0312577938 0.983564697
1341846662.37808 -0.63968687 -0.186382271 0.0911973322 0.160745384 0.0872793901 -0.0312689936 0.982631915
1341846662.41424 -0.673090196 -0.193998701 0.0995946017 0.167844405 0.0889255359 -0.0279396415 0.981396903
1341846662.44612 -0.602651139 -0.205455693 0.103721934 0.174256522 0.0856445703 -0.0285419477 0.98055343
1341846662.48224 -0.622380981 -0.215425978 0.143333452 0.182425412 0.0852057619 -0.0278853902 0.979123768
1341846662.51412 -0.661086593 -0.215981763 0.12221721 0.191190813 0.0868068628 -0.026583916 0.977345352
1341846662.5468 -0.70655153 -0.216214374 0.102355154 0.198740594 0.0887859717 -0.0248453453 0.975705866
1341846662.58211 -0.748006283 -0.207981835 0.0864973709 0.20231021 0.0913100473 -0.0267559548 0.974688244
1341846662.62028 -0.625945171 -0.160916711 0.154823912 0.209898961 0.0872640482 -0.027472784 0.973433438
1341846662.63523 -0.633981139 -0.158625914 0.173938509 0.215993089 0.0862103988 -0.0267014738 0.972214886
1341846662.68204 -0.608488339 -0.155410566 0.125862299 0.218431711 0.084599566 -0.0287912728 0.971751801
1341846662.71435 -0.610404578 -0.155237428 0.127960323 0.220036877 0.0856088279 -0.0283154337 0.971315159
1341846662.75013 -0.614701237 -0.173428167 0.131358752 0.223512357 0.0845440272 -0.0262482606 0.970672737
1341846662.78201 -0.611192033 -0.152720988 0.122334117 0.227777881 0.083672125 -0.0279078522 0.969709938
1341846662.81412 -0.617416938 -0.147842822 0.116915295 0.225232797 0.0841339601 -0.0274013043 0.970278739
1341846662.85021 -0.609262611 -0.159840436 0.132555901 0.225618233 0.0822385782 -0.0265998241 0.970373989
1341846662.8822 -0.611849415 -0.153392989 0.120632794 0.228506342 0.081612323 -0.0267541905 0.969746613
1341846662.9182 -0.613656695 -0.152599434 0.122678122 0.227309176 0.0807938663 -0.0272060691 0.970083872
1341846662.95605 -0.611038561 -0.155119018 0.128459838 0.227470782 0.0805879188 -0.0277752265 0.970046992
1341846662.96937 -0.610817377 -0.159225346 0.127316125 0.230218696 0.0792930277 -0.0259726816 0.969555253
1341846663.01822 -0.616376693 -0.153430314 0.121917395 0.232729773 0.0772784112 -0.0271542923 0.969085932
1341846663.05002 -0.609719057 -0.152778786 0.128340917 0.231835472 0.0765202757 -0.0287674637 0.969313878
1341846663.06618 -0.610836334 -0.156229555 0.127932629 0.232777526 0.0774860903 -0.0300038236 0.968973838
1341846663.11809 -0.614188623 -0.153396684 0.122495993 0.233800909 0.0769744994 -0.0300354653 0.968767223
1341846663.15023 -0.608186893 -0.158334769 0.136117198 0.234760178 0.0773400166 -0.0317796508 0.96845043
1341846663.18631 -0.612594077 -0.153444956 0.11631647 0.234283252 0.0783108337 -0.03225178 0.968472299
1341846663.21846 -0.606392735 -0.146740401 0.113418624 0.230887004 0.0781033749 -0.0333443545 0.969267356
1341846663.25039 -0.611421526 -0.145444622 0.108131947 0.224454407 0.0791332856 -0.0337890485 0.970678341
1341846663.28608 -0.610183068 -0.13251812 0.109237426 0.220500684 0.0793383413 -0.0327750854 0.971602115
1341846663.31807 -0.613946095 -0.105349879 0.111049862 0.21272067 0.07867567 -0.032014308 0.973414167
1341846663.35013 -0.602528968 -0.0905060768 0.120525359 0.203468004 0.0774083452 -0.0305024901 0.975540013
1341846663.38599 -0.611080259 -0.133330602 0.0878498122 0.190913132 0.0780449666 -0.0293026016 0.978060589
1341846663.41806 -0.605246316 -0.126310535 0.0641967883 0.185804656 0.0751925395 -0.0276295326 0.979315741
1341846663.45405 -0.591672448 -0.130384323 0.044436591 0.177229226 0.0737156963 -0.0273806545 0.981022985
1341846663.4861 -0.596811631 -0.129489249 0.0278819134 0.16989947 0.0737252805 -0.0266668121 0.982337841
1341846663.5184 -0.596588251 -0.122010148 0.0378110739 0.162738525 0.0724296384 -0.0240647105 0.983712869
1341846663.55426 -0.593332395 -0.128849233 0.0522862352 0.156194832 0.0719415546 -0.0237038871 0.984817604
1341846663.58638 -0.585119927 -0.11538635 0.0053288662 0.148080741 0.0717232293 -0.0225599413 0.986113037
1341846663.62215 -0.595822587 -0.121583884 0.0765892933 0.14226265 0.0704210963 -0.020895262 0.987099588
1341846663.65411 -0.593504769 -0.121946387 0.0750080031 0.135887146 0.0694962814 -0.0212315657 0.988055753
1341846663.68611 -0.593051124 -0.110514358 0.0709180327 0.126994223 0.0697879068 -0.0210536289 0.98922134
1341846663.72212 -0.590556337 -0.122632041 0.069199517 0.117631851 0.0692832275 -0.0201036729 0.990433453
1341846663.7557 -0.585528831 -0.120856611 0.0706235561 0.112534572 0.0701206338 -0.0193005111 0.990982622
1341846663.78631 -0.579324168 -0.117648686 0.0433639212 0.101793062 0.0719030257 -0.0177173223 0.992045475
1341846663.82212 -0.585034191 -0.161191026 0.0210138119 0.0799674041 0.0728019552 -0.017156212 0.993987301
1341846663.85412 -0.585592484 -0.151399671 0.0376235599 0.0715348932 0.0735895152 -0.0186693745 0.994544517
1341846663.89015 -0.581610842 -0.115553315 0.0435053514 0.0665845308 0.0758755042 -0.0186901779 0.994716083
1341846663.922 -0.585282387 -0.146096344 0.0199244775 0.0439757428 0.0774920537 -0.0165848703 0.99588456
1341846663.95456 -0.581713539 -0.155173067 0.0242072151 0.0275311548 0.0782389766 -0.0191679554 0.996370056
1341846663.99038 -0.57649714 -0.114110456 0.0362389018 0.0206165208 0.0816338696 -0.0204178795 0.996239921
1341846664.02213 -0.584060631 -0.143066119 0.0175398937 0.00605074942 0.0840330746 -0.018219205 0.996278019
1341846664.05418 -0.586374508 -0.15513304 0.0154873269 -0.0117231078 0.0856420469 -0.0196470589 0.996063252
1341846664.09026 -0.57931593 -0.126040046 0.0350977064 -0.0210577774 0.0881971381 -0.0216564851 0.995644932
1341846664.12225 -0.581654081 -0.11657607 0.0524941084 -0.0258003812 0.0890450283 -0.0227576088 0.99543328
1341846664.15825 -0.582174706 -0.103906877 0.050742835 -0.0302871195 0.0883490238 -0.0225463188 0.995373701
1341846664.19015 -0.573833478 -0.0954677933 0.0424905814 -0.0391174319 0.0879588349 -0.0233258179 0.995082397
1341846664.2222 -0.581738086 -0.107314485 0.0483998702 -0.0488447548 0.0903789435 -0.0226124984 0.994451865
1341846664.25818 -0.579807071 -0.109871305 0.0504726509 -0.0537625772 0.0896173722 -0.0217598771 0.994286085
1341846664.29003 -0.572644771 -0.0941173587 0.0421745491 -0.0582686518 0.0905612138 -0.02159995 0.993950136
1341846664.3225 -0.577911456 -0.0948629853 0.0432856755 -0.0684167721 0.0933323386 -0.0213290667 0.993052512
1341846664.35859 -0.580403103 -0.0963359197 0.0448170998 -0.0767940684 0.0934587512 -0.0209002007 0.992437058
1341846664.39011 -0.57828212 -0.0932841812 0.0430930904 -0.0840308729 0.0933935092 -0.0208826457 0.991857036
1341846664.42615 -0.578357048 -0.0901041956 0.0418664526 -0.0917528831 0.0946450332 -0.0200197797 0.991071609
1341846664.45871 -0.577567975 -0.087409969 0.0392040253 -0.100537796 0.0950905993 -0.0198886375 0.990178959
1341846664.49012 -0.574136115 -0.0844664331 0.037423264 -0.109164367 0.0965429798 -0.0198508116 0.989125138
1341846664.52618 -0.578478576 -0.0841281569 0.0384954443 -0.117047287 0.0981268069 -0.018399404 0.988095402
1341846664.55814 -0.576090742 -0.0779750757 0.0358982259 -0.123777776 0.0974131699 -0.0172871818 0.987365631
1341846664.59044 -0.570928214 -0.0838095241 0.0350002492 -0.13193372 0.0990237869 -0.0172038714 0.986149994
1341846664.6262 -0.571955909 -0.0940390834 0.040178206 -0.13595599 0.10122004 -0.0158456475 0.98540316
1341846664.6583 -0.58113614 -0.102436525 0.0423473121 -0.134235477 0.10172234 -0.0155561288 0.985591908
1341846664.69416 -0.571613252 -0.0920302662 0.0374369711 -0.132114248 0.100999702 -0.0177204421 0.98591626
1341846664.72668 -0.571264563 -0.0899074236 0.0376765019 -0.135195662 0.104370219 -0.0179996127 0.985142124
1341846664.75816 -0.575884836 -0.0997352603 0.0410841391 -0.138112823 0.104553746 -0.0159028537 0.984754011
1341846664.79412 -0.579467043 -0.0855357263 0.0380185198 -0.136739255 0.103962186 -0.0175384671 0.984980529
1341846664.82614 -0.579572346 -0.0910954813 0.0394033972 -0.139777224 0.105304822 -0.0160828968 0.984436165
1341846664.8621 -0.577120796 -0.0953894824 0.0370518813 -0.141595137 0.103575938 -0.0136239681 0.984396886
1341846664.8942 -0.577558239 -0.0871765985 0.0366585292 -0.140774541 0.103525511 -0.0134069954 0.984522854
1341846664.92628 -0.576966203 -0.0834919187 0.0348531073 -0.141491026 0.106241474 -0.0142066648 0.98411951
1341846664.9624 -0.579101943 -0.0923069309 0.0346375809 -0.145191593 0.106733983 -0.0133179972 0.98353947
1341846664.99711 -0.578501628 -0.0868473399 0.0337610656 -0.146933734 0.106840723 -0.0139124826 0.983260891
1341846665.02639 -0.576212014 -0.0838403717 0.0344239048 -0.149219922 0.107741757 -0.015517682 0.982794144
1341846665.06281 -0.580785698 -0.0804319938 0.0311959895 -0.149504637 0.108209684 -0.0134823569 0.982729492
1341846665.09409 -0.573331769 -0.0781974683 0.0303940143 -0.152162941 0.106765195 -0.0134443798 0.982479965
1341846665.13017 -0.575535377 -0.0743428783 0.0278703066 -0.156448853 0.110486483 -0.0124596602 0.98140779
1341846665.16212 -0.588004147 -0.0758249302 0.0287972865 -0.160109979 0.111484506 -0.0107126254 0.980724854
1341846665.19411 -0.585898769 -0.0753334994 0.0276117886 -0.162327423 0.109895932 -0.0112038264 0.980534123
1341846665.23023 -0.586237161 -0.0721271982 0.0230548615 -0.168213016 0.112958536 -0.0103233667 0.979202828
1341846665.26202 -0.588122665 -0.0697962703 0.0212307083 -0.177383475 0.114119651 -0.00986902139 0.977453022
1341846665.30009 -0.58496275 -0.0611336834 0.0163956719 -0.182988798 0.113443898 -0.009424307 0.976502311
1341846665.31513 -0.582959517 -0.0632443313 0.0125329589 -0.189683047 0.116045738 -0.010241499 0.974909657
1341846665.3623 -0.589536913 -0.0605038177 0.0168952016 -0.192081332 0.118597899 -0.00847029779 0.974149657
1341846665.39849 -0.58943904 -0.0642110772 0.0141634103 -0.196430745 0.115763114 -0.00801004644 0.973627086
1341846665.43018 -0.59323969 -0.0695411047 0.003266083 -0.207147524 0.118672895 -0.0109626528 0.971023412
1341846665.46248 -0.584439184 -0.0570636599 0.00733666793 -0.215396262 0.120839168 -0.00937658925 0.968975967
1341846665.49824 -0.597444985 -0.0580092732 0.00956722305 -0.220107846 0.120698828 -0.00879283397 0.967939572
1341846665.53013 -0.596592494 -0.0568794305 0.00720771017 -0.220622717 0.120272592 -0.00878095977 0.967875516
1341846665.56223 -0.597390133 -0.0586959016 0.00621652651 -0.221563962 0.122155068 -0.00706237367 0.967438718
1341846665.59821 -0.600095716 -0.0487953816 0.00162927454 -0.221173375 0.121359644 -0.00653915819 0.967631859
1341846665.63012 -0.59277551 -0.0464393038 -0.00321937934 -0.224310735 0.120661661 -0.00732353355 0.966991119
1341846665.66649 -0.599491406 -0.0518817144 -0.00440786981 -0.229232273 0.12423016 -0.00642996989 0.965390122
1341846665.69807 -0.596380112 -0.0562256621 -0.00224646452 -0.233430456 0.122360457 -0.00585217743 0.964626297
1341846665.73037 -0.600280748 -0.0545140866 -0.00736886259 -0.235593696 0.122484543 -0.00632638066 0.964081492
1341846665.7662 -0.590024704 -0.0476034491 -0.0148050859 -0.238098508 0.122646292 -0.00630736122 0.963445486
1341846665.79866 -0.59946313 -0.0512193256 -0.0140288176 -0.242216358 0.125306626 -0.00592538546 0.962078154
1341846665.83436 -0.596893985 -0.0449431699 -0.0207291697 -0.244866784 0.124912161 -0.00577283205 0.961459247
1341846665.86611 -0.603506886 -0.0538785586 -0.02008521 -0.252708069 0.128832743 -0.00483609385 0.958914682
1341846665.89808 -0.606836321 -0.051897387 -0.0229261577 -0.25940353 0.132471528 -0.00304864903 0.956635672
1341846665.93409 -0.594542047 -0.0567840397 -0.0222691891 -0.265859812 0.128999487 -0.00142307341 0.955340603
1341846665.96616 -0.606654194 -0.0580148909 -0.0223084704 -0.270169441 0.131447689 -0.000508613375 0.953797526
1341846665.99816 -0.603391549 -0.0548551305 -0.0270933995 -0.273299766 0.133955945 1.50819892e-05 0.952556057
1341846666.03424 -0.608219613 -0.052230847 -0.0243169206 -0.272773959 0.134067598 0.0023663411 0.952688116
1341846666.07252 -0.609901538 -0.0569583729 -0.0238662502 -0.2751744 0.133845742 0.00319406957 0.952026347
1341846666.0873 -0.605466898 -0.0637256375 -0.027581625 -0.281015813 0.136570866 0.00312701306 0.94993091
1341846666.13415 -0.601557836 -0.0629506042 -0.0256619617 -0.284303931 0.134741674 0.00486056743 0.949206158
1341846666.1666 -0.60901035 -0.060857066 -0.0269509118 -0.285227091 0.134873308 0.00479327268 0.948910808
1341846666.20234 -0.609851489 -0.0675632806 -0.0276685582 -0.289070349 0.137360468 0.00452793259 0.947391119
1341846666.23462 -0.605084127 -0.0592489479 -0.0296040846 -0.289947181 0.1348941 0.00455984397 0.947477399
1341846666.26633 -0.598340269 -0.0869796065 -0.0275491474 -0.300308567 0.130942397 0.00656514879 0.944788734
1341846666.3022 -0.597509312 -0.0983821265 -0.028336871 -0.313604143 0.132873294 0.00607949389 0.94019156
1341846666.3351 -0.610006722 -0.0792497046 -0.0338025575 -0.319954219 0.135333359 0.00659907848 0.937694317
1341846666.37024 -0.612341246 -0.067714266 -0.0365729331 -0.324076806 0.132509969 0.00875431637 0.936663597
1341846666.40207 -0.601717476 -0.065741215 -0.0392922512 -0.329674846 0.131129855 0.0129220151 0.934854255
1341846666.43409 -0.613461121 -0.0562077142 -0.0397348242 -0.333167374 0.134638732 0.0140634935 0.933099207
1341846666.47007 -0.607675707 -0.0625693918 -0.0352701997 -0.336119031 0.131342813 0.0187469977 0.932427806
1341846666.50222 -0.604002734 -0.054670698 -0.0513729682 -0.338949829 0.131288686 0.022263878 0.931332709
1341846666.53412 -0.613223195 -0.0362388009 -0.057114657 -0.346149545 0.135196649 0.0219373491 0.928127745
1341846666.57014 -0.613691708 -0.0415856935 -0.0531444738 -0.354438409 0.134993274 0.0265386475 0.924903201
1341846666.60251 -0.605718049 -0.020536972 -0.0613081922 -0.356541935 0.132714515 0.0270194121 0.924410438
1341846666.63809 -0.623525468 -0.029916757 -0.0581758098 -0.36465945 0.137190863 0.0285031171 0.920537737
1341846666.67043 -0.623121853 -0.0428565395 -0.0479866047 -0.371019698 0.135761682 0.0306970478 0.918134435
1341846666.6864 -0.61639675 -0.0365527978 -0.0536055982 -0.371309125 0.132261194 0.0320777051 0.9184811
1341846666.73828 -0.618211179 -0.0569575714 -0.0495694333 -0.377462097 0.132460055 0.0324255736 0.915928644
1341846666.77041 -0.629112274 -0.0581677769 -0.0479778438 -0.379156841 0.132441962 0.0330003596 0.915210464
1341846666.80213 -0.627523402 -0.0448828609 -0.0568254293 -0.377353642 0.128799694 0.0356229647 0.91637649
1341846666.83812 -0.62761325 -0.039658827 -0.0659435587 -0.377550386 0.127862753 0.0369547724 0.916373923
1341846666.87052 -0.627469608 -0.0280887386 -0.0706125438 -0.377934834 0.12719703 0.0373643333 0.916291484
1341846666.90633 -0.625332267 -0.0384050504 -0.0667479493 -0.383280638 0.12605285 0.0395882072 0.914133144
1341846666.93801 -0.626548841 -0.0256051922 -0.0762971797 -0.38418081 0.123894021 0.0395843709 0.914050575
1341846666.97004 -0.619354202 -0.0378258763 -0.0747143762 -0.390099991 0.12231507 0.037383683 0.911846194
1341846667.00621 -0.632130127 -0.0396119825 -0.0736868502 -0.392793436 0.124448474 0.0357948027 0.910463962
1341846667.03816 -0.639147755 -0.0563844386 -0.0848363866 -0.397154722 0.121505536 0.0343906639 0.90902245
1341846667.07416 -0.620692011 0.0100012022 -0.118314009 -0.390341301 0.115740464 0.030470041 0.912857815
1341846667.10617 -0.635363604 -0.0366518449 -0.0822572862 -0.407617734 0.120895348 0.0325463996 0.904529065
1341846667.13812 -0.629003252 -0.0349061204 -0.0777276805 -0.407591051 0.115311925 0.0323411082 0.905277166
1341846667.17412 -0.611929007 -0.0357486762 -0.0873486706 -0.405571733 0.112133511 0.0304092286 0.906649284
1341846667.20611 -0.62509464 -0.0397948477 -0.0838848094 -0.405151324 0.117231882 0.0261572981 0.906324934
1341846667.23808 -0.647452803 -0.0401137584 -0.0799663894 -0.400675446 0.119732227 0.0192187853 0.908159688
1341846667.27403 -0.633451473 -0.0554679459 -0.094070808 -0.396213071 0.116446195 0.0159278114 0.910605178
1341846667.30619 -0.620179855 -0.109241768 -0.0537279006 -0.399126109 0.11719709 0.0134960313 0.909275013
1341846667.34226 -0.567339564 -0.134488618 -0.0420178227 -0.391815322 0.105190799 0.0219364952 0.91374747
1341846667.37436 -0.577450924 -0.120509612 -0.062623356 -0.379595836 0.105597478 0.013372159 0.919008901
1341846667.40699 -0.571194467 -0.129943868 -0.0447738373 -0.376195183 0.106756316 0.00659227975 0.92034603
1341846667.44212 -0.575006195 -0.157087097 -0.0167471159 -0.373130398 0.106831782 0.00636915259 0.92158565
1341846667.47411 -0.601746037 -0.169358269 -0.0639258176 -0.356603251 0.109758157 0.000684875188 0.927785966
1341846667.50606 -0.618147131 -0.18731571 -0.042539704 -0.349375771 0.114038499 -0.0041514459 0.930007826
1341846667.54232 -0.642039735 -0.255463232 -0.0276114677 -0.347891401 0.115923557 -0.00410257475 0.930331377
1341846667.57427 -0.614858573 -0.248393488 -0.04630633 -0.330738333 0.109073537 -0.00440571798 0.937387704
1341846667.61037 -0.615232961 -0.191273521 -0.0557726635 -0.310400447 0.111026669 -0.0094834604 0.944052279
1341846667.64258 -0.620573027 -0.129588762 -0.0806461917 -0.289686778 0.111222255 -0.00904665567 0.950594203
1341846667.67408 -0.670878767 -0.0267312298 -0.104523682 -0.267993916 0.119175683 -0.0132425513 0.955929418
1341846667.7102 -0.689513796 -0.0228176684 -0.105566289 -0.266809506 0.125349759 -0.0147612407 0.955448707
1341846667.74226 -0.70478773 -0.00692807563 -0.0999371951 -0.259689775 0.128944855 -0.0160509471 0.956910033
1341846667.77412 -0.704260536 -0.0159309173 -0.0970955544 -0.253679143 0.127285188 -0.0143450433 0.958769833
1341846667.8101 -0.706091253 -0.0258692166 -0.0941662792 -0.251869401 0.1307674 -0.0170927749 0.958733294
1341846667.84211 -0.70707963 -0.0346591964 -0.0828122824 -0.249152112 0.133018406 -0.0192744663 0.959092187
1341846667.87816 -0.698031571 -0.032768135 -0.0838934387 -0.239208453 0.130241682 -0.0194507133 0.961996928
1341846667.91056 -0.705456985 -0.0187985753 -0.0872670401 -0.230971287 0.135401902 -0.0217443951 0.963247513
1341846667.94212 -0.713244548 -0.0345122383 -0.0725668664 -0.230138718 0.139997896 -0.0209669783 0.96280691
1341846667.9783 -0.704332384 -0.0599442089 -0.0669932887 -0.227399234 0.13764003 -0.020435544 0.963808694
1341846668.01024 -0.695114159 -0.0390345772 -0.0701263351 -0.215157795 0.139309055 -0.0232317894 0.966312783
1341846668.04627 -0.657502266 -0.0364395475 -0.0762161179 -0.206168856 0.135867188 -0.0246873485 0.96872341
1341846668.07812 -0.586234133 -0.0347232268 -0.084024926 -0.195944111 0.124487084 -0.0209796571 0.972454999
1341846668.11014 -0.539166537 -0.0322865199 -0.0860811205 -0.188076497 0.119611466 -0.022841613 0.974576107
1341846668.14672 -0.470893816 -0.0154899873 -0.0934970798 -0.176154694 0.110264686 -0.0216419247 0.977927835
1341846668.17824 -0.568252663 -0.0450495425 -0.0668132466 -0.171164786 0.125269247 -0.0220383331 0.976997719
1341846668.21127 -0.52361264 -0.0492210281 -0.0719925081 -0.160475796 0.117766545 -0.0230549212 0.979717832
1341846668.24617 -0.585783102 -0.0363914262 -0.0596131622 -0.144582636 0.129398265 -0.0230961405 0.980723467
1341846668.2784 -0.623651024 -0.0607807506 -0.0506222998 -0.136835054 0.133116307 -0.0212646997 0.981378637
1341846668.31425 -0.625586786 -0.0762716946 -0.0457167277 -0.130834537 0.133251616 -0.0239327571 0.982116874
1341846668.3465 -0.632464984 -0.0741349849 -0.0606690597 -0.123396808 0.134544664 -0.0241241397 0.982898259
1341846668.37811 -0.649040531 -0.0658583278 -0.0432993549 -0.117179475 0.137135064 -0.0235608845 0.983314715
1341846668.41425 -0.651088361 -0.0737182898 -0.0437175687 -0.112007109 0.13746032 -0.0239216763 0.983863213
1341846668.44597 -0.638136304 -0.071246441 -0.0499178571 -0.104106076 0.135088775 -0.0252651762 0.985025187
1341846668.47817 -0.647109761 -0.0873684463 -0.0376436314 -0.0870208602 0.134106009 -0.0200744128 0.986934631
1341846668.51422 -0.581656508 -0.0918809773 -0.0513487475 -0.0699387834 0.122398795 -0.0185053312 0.989840722
1341846668.54612 -0.578081201 -0.097535842 -0.0441597799 -0.0639593732 0.121868902 -0.0198161663 0.990285054
1341846668.58248 -0.598097322 -0.103909196 -0.0460271137 -0.058603658 0.123926276 -0.0238653491 0.990271849
1341846668.61416 -0.631443214 -0.0820761232 -0.0393007851 -0.0404513375 0.131205519 -0.027334628 0.990152321
1341846668.64633 -0.621887627 -0.116570148 -0.0368702235 -0.0351082148 0.127919635 -0.0258470853 0.990825872
1341846668.68275 -0.623088799 -0.125828922 -0.0378393115 -0.0307811625 0.12517668 -0.0298210604 0.991208365
1341846668.71415 -0.630477684 -0.134445272 -0.0268889735 -0.01921813 0.123967758 -0.031150802 0.991610955
1341846668.74616 -0.654191435 -0.131916113 -0.0312845576 -0.00931600318 0.12520669 -0.0310295981 0.991601564
1341846668.78235 -0.656195485 -0.0607860407 -0.0478083043 0.000449573975 0.12443183 -0.0366536812 0.991550818
1341846668.81446 -0.705135217 -0.0611499886 -0.0172132653 -0.00230294657 0.133809916 -0.0403948192 0.990180722
1341846668.85024 -0.706306065 -0.0575411697 -0.0198593939 -0.0018673903 0.13279293 -0.0396710734 0.990347796
1341846668.88245 -0.704450693 -0.0547519643 -0.0253944512 -0.00438044693 0.131322162 -0.0415002684 0.990461018
1341846668.9143 -0.712308036 -0.0611117451 -0.019400573 -0.00652867845 0.131576403 -0.0441612183 0.990300365
1341846668.95009 -0.715417016 -0.0598477996 -0.0205062419 -0.00498637291 0.127815 -0.0464828497 0.990695618
1341846668.98224 -0.707643167 -0.0337747263 -0.0286534134 -0.00647823469 0.124066852 -0.0507670351 0.990953156
1341846669.0141 -0.71443137 -0.0382015095 -0.024833843 -0.0156603037 0.124232216 -0.0558333247 0.990557293
1341846669.05007 -0.720921707 -0.0399821387 -0.0211589211 -0.0205909081 0.121099788 -0.0604533876 0.990583789
1341846669.0829 -0.71126153 -0.030164955 -0.0275568501 -0.0249869027 0.115870478 -0.0659085735 0.990760186
1341846669.11837 -0.71282015 -0.0179510027 -0.0304696485 -0.0339098824 0.115208 -0.0755461564 0.989883839
1341846669.15009 -0.724300407 -0.0336938926 -0.018001509 -0.0426191065 0.113810496 -0.0827928206 0.989128976
1341846669.18248 -0.713974149 -0.0280693495 -0.0229480258 -0.0441303796 0.108308373 -0.0887663839 0.989162441
1341846669.21806 -0.702990663 -0.0162769927 -0.032274639 -0.0500037394 0.107278994 -0.0965832998 0.988262369
1341846669.25022 -0.719472179 -0.0242352203 -0.0204452913 -0.0566911177 0.107765777 -0.101417047 0.987363781
1341846669.28612 -0.70896424 -0.0295871826 -0.0235387641 -0.058758292 0.103870311 -0.106006478 0.987178327
1341846669.31806 -0.696315782 -0.0227488075 -0.027032494 -0.060118872 0.103526576 -0.110929926 0.986591365
1341846669.35026 -0.713421503 -0.0270194461 -0.0215572536 -0.0632372651 0.103485566 -0.116436542 0.985765853
1341846669.40219 -0.712460182 -0.0153497372 -0.0267859642 -0.064570562 0.0994113359 -0.124791014 0.985076257
1341846669.41821 -0.701504471 -0.0100575168 -0.0338542214 -0.0713054536 0.0986165915 -0.135824986 0.983230326
1341846669.45023 -0.723608368 -0.0125234233 -0.021459777 -0.0773602842 0.100590107 -0.146206383 0.981081398
1341846669.48649 -0.714385304 -0.00874087716 -0.0303695207 -0.0814308821 0.0960309746 -0.156119177 0.979680492
1341846669.51807 -0.705136805 -0.00469384644 -0.0363598234 -0.0888786419 0.0965189426 -0.167826428 0.977046043
1341846669.55441 -0.714045914 -0.00500904572 -0.0249186725 -0.0952831472 0.0990291202 -0.176934189 0.974581268
1341846669.5864 -0.70949723 0.00293960324 -0.0347571946 -0.0993988659 0.0972384669 -0.185599519 0.972737048
1341846669.61802 -0.697742114 0.00263380915 -0.0522185437 -0.107468393 0.0981341033 -0.194992005 0.969947607
1341846669.65412 -0.705401687 -0.00283427321 -0.0401665935 -0.113491653 0.102333593 -0.201915261 0.967407726
1341846669.68608 -0.711083511 -0.00598108841 -0.0362633336 -0.114605438 0.104149675 -0.207790486 0.965837229
1341846669.71809 -0.696454032 0.00812028438 -0.0534759745 -0.115346232 0.103708624 -0.215121486 0.964190082
1341846669.75418 -0.696340996 0.0101488676 -0.0498930368 -0.122599988 0.107213571 -0.223802093 0.960930339
1341846669.78615 -0.698567173 0.0082525803 -0.04445691 -0.127795708 0.109511931 -0.230576215 0.958389275
1341846669.82215 -0.685521493 0.0165024029 -0.0512892573 -0.128848949 0.108648862 -0.237921784 0.956549318
1341846669.85412 -0.686902792 0.0233568797 -0.059154687 -0.134154275 0.110522179 -0.245744769 0.953623084
1341846669.88623 -0.687429877 0.0192126118 -0.0605048101 -0.14128608 0.112317227 -0.25478471 0.950004124
1341846669.92206 -0.694168222 0.0169790605 -0.0544110424 -0.144953802 0.114664045 -0.26181086 0.947256895
1341846669.95406 -0.684045396 0.0184309836 -0.07384099 -0.148727496 0.114163599 -0.267540646 0.94512899
1341846669.98663 -0.687471826 0.0225231744 -0.0687897049 -0.156908095 0.118807236 -0.278152671 0.940157318
1341846670.02225 -0.691726156 0.0193068493 -0.071253184 -0.161370493 0.123228592 -0.285022961 0.936769016
1341846670.05415 -0.684115235 0.0232716123 -0.0884463444 -0.163720614 0.1244568 -0.291954684 0.934060238
1341846670.09024 -0.671146187 0.0293915527 -0.0848390824 -0.168497956 0.12600619 -0.302071171 0.929776256
1341846670.12203 -0.655423141 0.02316172 -0.0859294135 -0.173088568 0.127139425 -0.313054215 0.92513403
1341846670.15407 -0.674883195 0.0239322797 -0.0825545334 -0.179146075 0.134886861 -0.322709486 0.919549241
1341846670.19011 -0.676069293 0.029822213 -0.0772509136 -0.182806164 0.13747596 -0.331010297 0.915485909
1341846670.22223 -0.681586305 0.0256541603 -0.0741216394 -0.186520024 0.142226922 -0.342540875 0.909751357
1341846670.2585 -0.68036632 0.0229191492 -0.0813038389 -0.188543878 0.146938665 -0.348403786 0.9063526
1341846670.29028 -0.681602181 0.0176632591 -0.0810244799 -0.191330797 0.148946386 -0.354494317 0.903073241
1341846670.3062 -0.693739117 0.0244779382 -0.0634834575 -0.192442362 0.155715532 -0.366566742 0.896854188
1341846670.35839 -0.694123547 0.00960756585 -0.0858056744 -0.192433683 0.162320864 -0.374435083 0.892423433
1341846670.39012 -0.633638978 -0.00861301896 -0.105399751 -0.189414957 0.157770748 -0.380462698 0.891335235
1341846670.42221 -0.591330349 -0.0188517158 -0.129650261 -0.183276837 0.157523714 -0.390781226 0.888192498
1341846670.46404 -0.672964466 -0.0151419096 -0.117931009 -0.182482169 0.17889401 -0.399544071 0.880375901
1341846670.47712 -0.677332096 -0.0234912846 -0.139115088 -0.180018493 0.186182135 -0.405711609 0.876543008
1341846670.52629 -0.678104887 -0.0223064269 -0.120537708 -0.177921804 0.192830801 -0.411258748 0.87294121
1341846670.56699 -0.698976166 -0.0191117573 -0.116114942 -0.177498794 0.200284984 -0.418342531 0.86796868
1341846670.59623 -0.689771449 -0.0129954123 -0.111473888 -0.173435822 0.202006751 -0.423806194 0.865737604
1341846670.62903 -0.704891755 -0.0140549382 -0.103822779 -0.172275892 0.207498725 -0.432118369 0.860545763
1341846670.66403 -0.703205004 -0.0142335652 -0.094613471 -0.168471682 0.210105916 -0.437042905 0.858176145
1341846670.69601 -0.705531279 -0.015585307 -0.0813738188 -0.162898585 0.21599051 -0.442446008 0.855016772
1341846670.7281 -0.705904504 -0.0282283109 -0.0957424911 -0.158738584 0.218650287 -0.448370931 0.852031468
1341846670.76414 -0.750526293 -0.031993432 -0.0644764425 -0.15888148 0.23156386 -0.457956304 0.843451764
1341846670.79606 -0.726144885 -0.0389383729 -0.0711931046 -0.151798094 0.233565332 -0.461392062 0.842331253
1341846670.83225 -0.720320082 -0.0417751297 -0.0788016728 -0.144253783 0.236625188 -0.458709208 0.844266089
1341846670.86398 -0.705964718 -0.0472000034 -0.0902833026 -0.139416163 0.234244111 -0.458400433 0.845908903
1341846670.89614 -0.676801612 -0.053660735 -0.0956275466 -0.131173751 0.235539439 -0.461010827 0.845448779
1341846670.93204 -0.669051336 -0.054945284 -0.0912031119 -0.11937866 0.24107361 -0.455307629 0.848720928
1341846670.96407 -0.669017635 -0.0614116614 -0.105411118 -0.109657659 0.24167309 -0.448377807 0.853537731
1341846671.00028 -0.657415895 -0.0597939064 -0.120804938 -0.0998801572 0.238361716 -0.454074717 0.852656905
1341846671.03213 -0.634788955 -0.0667498645 -0.126670412 -0.0905125415 0.240061347 -0.457963807 0.85114463
1341846671.06404 -0.636385852 -0.0637905488 -0.13009728 -0.0825716313 0.245675599 -0.457150786 0.850787038
1341846671.1014 -0.634635819 -0.0642303813 -0.140696758 -0.0762403246 0.245317036 -0.46399411 0.847771449
1341846671.1323 -0.623102161 -0.0660436165 -0.141872254 -0.0639107292 0.245254752 -0.468191169 0.84650018
1341846671.16817 -0.629654812 -0.0697093882 -0.147360291 -0.0526002831 0.243429126 -0.472031675 0.845672258
1341846671.20015 -0.622282279 -0.0714343558 -0.15171911 -0.0422465218 0.237114102 -0.477739451 0.844841494
1341846671.23229 -0.614757056 -0.0745785057 -0.170319371 -0.0305593261 0.234058502 -0.484688545 0.842234979
1341846671.26815 -0.61897817 -0.0754306413 -0.173211839 -0.0216061859 0.236166828 -0.48767604 0.840196692
1341846671.30062 -0.61675803 -0.0700578748 -0.195466234 -0.0118587636 0.233242063 -0.487818389 0.841124681
1341846671.33613 -0.600488603 -0.0800298696 -0.198998167 -0.00649551223 0.227061402 -0.49473676 0.838830416
1341846671.36825 -0.591349664 -0.0816394141 -0.187991582 -0.000119822521 0.226539103 -0.497997024 0.837065699
1341846671.40033 -0.590515923 -0.0779018176 -0.186712906 0.00533616087 0.222963338 -0.501042227 0.836191104
1341846671.43607 -0.586259983 -0.0735082223 -0.205446453 0.0110494927 0.218624486 -0.505700494 0.834474837
1341846671.4682 -0.573559302 -0.072977905 -0.197607304 0.0167304524 0.216801678 -0.510611621 0.831861104
1341846671.5043 -0.575084566 -0.0696395989 -0.198525933 0.0191483501 0.211510205 -0.51396757 0.831104152
1341846671.53621 -0.561236323 -0.0669045113 -0.201115421 0.0254798413 0.201857079 -0.523080499 0.827642005
1341846671.56813 -0.558672246 -0.0624950577 -0.217331713 0.0326820344 0.197811866 -0.532712129 0.822204438
1341846671.60419 -0.559557747 -0.0630120004 -0.221345171 0.0360734488 0.192559198 -0.536893279 0.820588367
1341846671.63606 -0.564383958 -0.0697304295 -0.213049415 0.0406598288 0.184511733 -0.543744037 0.817706928
1341846671.67216 -0.546865927 -0.0660418978 -0.22312004 0.0522923258 0.17389393 -0.549074523 0.815808545
1341846671.70437 -0.544921937 -0.0638415744 -0.242326263 0.0540696734 0.170117511 -0.550873741 0.815275797
1341846671.73649 -0.544521711 -0.0614627926 -0.26259853 0.0534592847 0.165523949 -0.557138692 0.811997787
1341846671.77482 -0.54551772 -0.0601555981 -0.263105185 0.0557047937 0.161496679 -0.562622534 0.808870622
1341846671.80462 -0.535948007 -0.0571692775 -0.259644976 0.0585431855 0.155394547 -0.565238525 0.808041237
1341846671.84026 -0.53752691 -0.0598493231 -0.261399702 0.0576813492 0.150722146 -0.570249861 0.805463092
1341846671.87213 -0.539714976 -0.0606311542 -0.261958864 0.0589725675 0.148679618 -0.574461349 0.802751995
1341846671.90435 -0.533866168 -0.0561655731 -0.258677598 0.0596696901 0.145711833 -0.576649967 0.80167475
1341846671.97228 -0.537380261 -0.0571207488 -0.250652624 0.0571923365 0.143749658 -0.587417654 0.794358592
1341846671.98525 -0.541482319 -0.0563190065 -0.261137145 0.0564506591 0.141055476 -0.592316402 0.79125088
1341846672.03424 -0.544463687 -0.0620239301 -0.264627063 0.0537882561 0.1389977 -0.599239364 0.786573994
1341846672.06633 -0.545248167 -0.0629499229 -0.262683047 0.0529206224 0.138566347 -0.605530598 0.781876889
1341846672.09803 -0.5502781 -0.0659492885 -0.261296863 0.0513682912 0.136083809 -0.609286164 0.779495264
1341846672.13407 -0.551996404 -0.070285543 -0.270032486 0.0503173288 0.132788303 -0.614729164 0.775850171
1341846672.16601 -0.554596305 -0.0736533195 -0.277229813 0.04876529 0.132978015 -0.619966979 0.771738128
1341846672.19841 -0.560822883 -0.077481448 -0.278063832 0.0471083351 0.13255797 -0.624002864 0.768654418
1341846672.23414 -0.569030542 -0.0826968563 -0.281153884 0.0470642918 0.130011719 -0.627491621 0.766248113
1341846672.26641 -0.560995571 -0.0827331409 -0.283267961 0.0504954396 0.127674411 -0.629994306 0.764366817
1341846672.30272 -0.557411987 -0.0785199366 -0.282225684 0.0501729539 0.126902514 -0.632167713 0.7627204
1341846672.33473 -0.553842676 -0.0812422545 -0.28125977 0.0481915153 0.124405733 -0.634110536 0.761645994
1341846672.3665 -0.555178328 -0.0833357953 -0.28033739 0.0485332119 0.124786108 -0.636055339 0.759938524
1341846672.40327 -0.546430302 -0.078388559 -0.279126056 0.0509169936 0.124594349 -0.634902032 0.760777969
1341846672.43502 -0.537143016 -0.0782687715 -0.282918293 0.0513392742 0.123530204 -0.63338272 0.76218823
1341846672.47821 -0.534278668 -0.0764124405 -0.27682878 0.0520205035 0.123317319 -0.632866351 0.762605329
1341846672.49335 -0.532878641 -0.0759990523 -0.28034188 0.0530022739 0.122312085 -0.631366803 0.763941407
1341846672.53482 -0.531339797 -0.0693465513 -0.274630169 0.0524876296 0.121539383 -0.630528592 0.764792078
1341846672.57016 -0.530311315 -0.0679706623 -0.271618266 0.0497558616 0.120387911 -0.629601069 0.765920099
1341846672.60889 -0.53183281 -0.066278785 -0.261747076 0.050357532 0.118770785 -0.628176104 0.767302028
1341846672.64092 -0.525486234 -0.0658853639 -0.270485404 0.0497719737 0.115904279 -0.624093225 0.771100898
1341846672.70817 -0.536852731 -0.0687599118 -0.248912738 0.0483248853 0.113979088 -0.613764371 0.779722239
1341846672.72329 -0.541274883 -0.0613915771 -0.241767615 0.0506811661 0.113040433 -0.604226676 0.787123499
1341846672.77063 -0.5459956 -0.0598774357 -0.239274293 0.052353615 0.110854571 -0.595331304 0.794072416
1341846672.80331 -0.546304029 -0.0593305799 -0.236778002 0.0546573503 0.108349081 -0.586139959 0.801069909
1341846672.83806 -0.547596296 -0.055147065 -0.234448837 0.0565468325 0.105643482 -0.576540404 0.808234541
1341846672.8701 -0.545931784 -0.0553216373 -0.234768194 0.0574264152 0.101522091 -0.569160038 0.813911742
1341846672.90228 -0.546189213 -0.0525664846 -0.22935814 0.0581321035 0.0989387987 -0.562018486 0.81912575
1341846672.93837 -0.54424836 -0.052248226 -0.233900754 0.0578594692 0.0950327273 -0.552742746 0.825891349
1341846672.97068 -0.542342477 -0.0462062993 -0.227439798 0.0574004407 0.092108085 -0.544055079 0.832000818
1341846673.00824 -0.537849782 -0.0500450618 -0.230165479 0.0556865535 0.088632606 -0.534457862 0.838688299
1341846673.02321 -0.538005735 -0.0495138617 -0.226674369 0.0521340108 0.0879908016 -0.52429949 0.845369569
1341846673.07024 -0.542980584 -0.0507790801 -0.220021177 0.050355385 0.086509633 -0.514142521 0.851843816
1341846673.10626 -0.544232622 -0.0527949404 -0.214289084 0.0521336017 0.0833202609 -0.501276586 0.859686923
1341846673.13811 -0.541049024 -0.0557840386 -0.210609611 0.0534687032 0.0788333495 -0.48726809 0.868041594
1341846673.17032 -0.537037561 -0.0559851294 -0.217325678 0.0547342471 0.0753402333 -0.4781463 0.873329335
1341846673.20678 -0.539321558 -0.0572341079 -0.212119486 0.0571135094 0.0724853896 -0.468464148 0.878649678
1341846673.23816 -0.537395497 -0.0591304054 -0.208649422 0.0591699449 0.0672156246 -0.457893428 0.884485493
1341846673.27422 -0.536653299 -0.06081087 -0.209876477 0.061517358 0.0645550125 -0.450676602 0.888222306
1341846673.30611 -0.533385559 -0.0648988628 -0.207978217 0.0648740475 0.0608860341 -0.440979251 0.893096607
1341846673.33819 -0.530748647 -0.0644021957 -0.212433821 0.068228245 0.0570654343 -0.431076785 0.897920514
1341846673.3741 -0.528128872 -0.0655043811 -0.206299628 0.0720318911 0.0541333419 -0.421871857 0.902166905
1341846673.40628 -0.528292119 -0.0685963828 -0.20387125 0.0752270481 0.0524089805 -0.409529966 0.907678025
1341846673.43852 -0.536967249 -0.0684755375 -0.207808867 0.0791380754 0.0492898046 -0.397278019 0.912950084
1341846673.47414 -0.529288108 -0.0683916833 -0.200073265 0.0845412211 0.0452815765 -0.383662752 0.91847986
1341846673.50627 -0.529185845 -0.0597114509 -0.193353585 0.0892159867 0.0425420247 -0.368437505 0.924383302
1341846673.54217 -0.527541807 -0.055959969 -0.189297154 0.0903468154 0.0375775313 -0.357044822 0.928947995
1341846673.57408 -0.529603565 -0.0631337934 -0.189257601 0.0890866151 0.0339018725 -0.346129251 0.933332084
1341846673.60611 -0.530565919 -0.0617582885 -0.193931273 0.0892079647 0.0295294268 -0.335532722 0.937330115
1341846673.64804 -0.536964429 -0.0572861847 -0.198347526 0.0871740737 0.0249402102 -0.324463544 0.941542392
1341846673.661 -0.531501487 -0.0576482356 -0.180325767 0.0818787967 0.0188151643 -0.31179058 0.946429335
1341846673.71019 -0.540852809 -0.0611030284 -0.182279567 0.0781400133 0.0148293092 -0.29878936 0.950999026
1341846673.74224 -0.52947425 -0.0537424823 -0.173077044 0.0759494054 0.00720551339 -0.282035693 0.956365849
1341846673.7743 -0.538290044 -0.0484037336 -0.178790983 0.0742576364 0.00211381491 -0.269269961 0.960195305
1341846673.81017 -0.544219984 -0.0441688823 -0.178523882 0.0730421905 -0.00250707275 -0.255066344 0.964157515
1341846673.84232 -0.552822718 -0.0391493301 -0.177873807 0.0708435257 -0.00763962997 -0.241280886 0.967835918
1341846673.87429 -0.548540711 -0.0345039501 -0.171497105 0.0681456449 -0.0124290622 -0.230942008 0.970498572
1341846673.91026 -0.550349491 -0.035673711 -0.157309682 0.062728731 -0.0151082843 -0.218223889 0.973763411
1341846673.94231 -0.551489614 -0.0417584692 -0.147381215 0.0596238112 -0.0188733528 -0.208141141 0.976097364
1341846673.97846 -0.546446005 -0.0468927776 -0.145300494 0.0591265885 -0.0204588221 -0.198978478 0.978004626
1341846674.01751 -0.54527502 -0.048300532 -0.152695389 0.0610191931 -0.019915292 -0.189185127 0.979841327
1341846674.05207 -0.540280225 -0.050924173 -0.157860911 0.0611350701 -0.0218019596 -0.177978761 0.981891409
1341846674.08406 -0.533237766 -0.0413680214 -0.159870211 0.0637515785 -0.022136057 -0.171091297 0.982941249
1341846674.15228 -0.543518344 -0.0438247696 -0.154017468 0.0554262546 -0.0198894168 -0.15487755 0.986177107
1341846674.16524 -0.535590842 -0.039316469 -0.153030193 0.0553674255 -0.0218390469 -0.146976133 0.98734772
1341846674.21033 -0.532428777 -0.0304694578 -0.182642828 0.0516670504 -0.0182128045 -0.138708926 0.98881679
1341846674.24624 -0.539131492 -0.041945751 -0.168994592 0.0456485679 -0.0180760145 -0.129916979 0.99030856
1341846674.27804 -0.535292929 -0.0379200515 -0.16625902 0.0477763202 -0.0201419003 -0.121086221 0.991286969
1341846674.31013 -0.532467859 -0.0347200167 -0.182142811 0.047644257 -0.0215640414 -0.110874797 0.992457453
1341846674.34623 -0.526958433 -0.0401003499 -0.183277333 0.0446451238 -0.0219336378 -0.102300452 0.993509107
1341846674.37808 -0.53321069 -0.0403947802 -0.177698211 0.0462868269 -0.0201900593 -0.0935335139 0.994334638
1341846674.41017 -0.532517052 -0.0311593865 -0.180577401 0.0476929078 -0.0205039927 -0.0849265397 0.995033897
1341846674.44642 -0.534145126 -0.0355232365 -0.165331139 0.0448473399 -0.0200598165 -0.0793501234 0.995635414
1341846674.4782 -0.53004021 -0.0381027007 -0.156357287 0.0454282675 -0.0199732255 -0.0723267515 0.996145664
1341846674.51413 -0.525693 -0.0293277703 -0.1626978 0.0462047801 -0.0206221589 -0.0673541092 0.996445317
1341846674.54607 -0.538357455 -0.0309468697 -0.169913422 0.0450691515 -0.0194605148 -0.0652956623 0.996657683
1341846674.5781 -0.527685086 -0.0264866956 -0.15567935 0.0463649964 -0.0202667949 -0.0598237448 0.996925606
1341846674.61419 -0.532546499 -0.0237519776 -0.163163419 0.0450473039 -0.0177382527 -0.0540989719 0.997361216
1341846674.63023 -0.535320823 -0.0329327851 -0.166827229 0.0431022291 -0.0184152273 -0.0469409517 0.997797386
1341846674.68223 -0.530450619 -0.0325937624 -0.158053029 0.0469859747 -0.0197418787 -0.0401167839 0.997894393
1341846674.7142 -0.530523943 -0.0295698634 -0.171846989 0.0483822039 -0.0192582915 -0.0296566766 0.998202766
1341846674.75228 -0.53528089 -0.0309920336 -0.177351947 0.048375411 -0.0188948122 -0.0212968938 0.998423381
1341846674.76722 -0.539709892 -0.0172199634 -0.181586932 0.0502643776 -0.0180029409 -0.0186475039 0.998399548
1341846674.81425 -0.530928239 -0.0225504395 -0.185289384 0.0491528978 -0.0177950301 -0.00782512613 0.998602071
1341846674.84639 -0.523541639 -0.0250565568 -0.191105662 0.0496838573 -0.0183030607 0.00194210334 0.998595384
1341846674.88217 -0.514492214 -0.0285953221 -0.200213754 0.0483011561 -0.0191427057 0.0101520062 0.998597763
1341846674.91424 -0.509766805 -0.0300101563 -0.213338985 0.0457973683 -0.0198008976 0.0175124153 0.998600942
1341846674.95032 -0.496627565 -0.0324790809 -0.216970703 0.0432557932 -0.0205418598 0.0236405392 0.998573029
1341846674.98235 -0.501356251 -0.0301250545 -0.245844911 0.0395222363 -0.0213172513 0.0281515564 0.998594541
1341846675.01415 -0.502121468 -0.0319231988 -0.276724113 0.0298822788 -0.0224722582 0.0316660349 0.998798933
1341846675.05024 -0.498351833 -0.0285977166 -0.267049991 0.0216626794 -0.0244576556 0.0357215735 0.998827573
1341846675.08527 -0.486187161 -0.031328226 -0.267087651 0.0148731641 -0.0256211941 0.0404762805 0.998741215
1341846675.09841 -0.491171573 -0.0269972108 -0.310001993 0.00509962403 -0.0236625974 0.0471505313 0.998594464
1341846675.15019 -0.466812273 -0.0361501989 -0.298289399 -0.012693181 -0.0261872274 0.0544332483 0.998093249
1341846675.18235 -0.451837814 -0.0416368014 -0.295089422 -0.0262726731 -0.0252165756 0.0526156293 0.997950633
1341846675.21915 -0.435423417 -0.0514218017 -0.302771299 -0.035501018 -0.0263737519 0.0618890751 0.997102726
1341846675.25197 -0.416783394 -0.0482154686 -0.299514498 -0.0412301334 -0.0286529578 0.0682500096 0.996404045
1341846675.28241 -0.388278809 -0.0455981744 -0.290369946 -0.045531923 -0.0317115785 0.065516739 0.996307571
1341846675.31837 -0.364073246 -0.0365319685 -0.28898546 -0.0481921066 -0.0322618904 0.0696945038 0.995881201
1341846675.35018 -0.319653723 -0.0140594146 -0.264291443 -0.0532510083 -0.0381628141 0.0639312158 0.995801551
1341846675.38228 -0.281014777 -0.010914762 -0.246018753 -0.0650845788 -0.0425869217 0.0661720933 0.994772138
1341846675.43457 -0.247946895 0.000474664342 -0.227094768 -0.0675466306 -0.0436325641 0.0660183032 0.994572891
1341846675.45056 -0.217044224 0.000334791568 -0.201040361 -0.0692881924 -0.0444943546 0.0754611623 0.99374293
1341846675.48637 -0.183199114 0.011402596 -0.177466781 -0.0573554106 -0.0486604732 0.0832930565 0.993682435
1341846675.51809 -0.161890587 0.0166893463 -0.170781168 -0.047516627 -0.0506970576 0.0892001712 0.993587091
1341846675.55012 -0.14108821 0.017788748 -0.167642237 -0.0409031815 -0.0545083486 0.0973262355 0.992916599
1341846675.58611 -0.123856388 0.0186496314 -0.162372804 -0.0378082688 -0.0557899588 0.0989439431 0.992808195
1341846675.61808 -0.109424613 0.018208012 -0.159139335 -0.0325665804 -0.0549239968 0.102309361 0.992701147
1341846675.65003 -0.0966296172 0.0170122594 -0.153080949 -0.0278710551 -0.0568018963 0.104895925 0.992468435
1341846675.68612 -0.0760365292 0.0162325121 -0.142889218 -0.0241184647 -0.0611231161 0.103950975 0.992409421
1341846675.71806 -0.0541695176 0.0134179963 -0.140520677 -0.0201835918 -0.0615757894 0.101852359 0.99268683
1341846675.75417 -0.0279928978 0.0119423262 -0.129068593 -0.0139117557 -0.0648149701 0.100372145 0.992739097
1341846675.78634 -0.0144647092 0.0149180262 -0.12622771 -0.00924346831 -0.0644647425 0.0993083033 0.992923318
1341846675.81812 0.0112895129 0.0123698564 -0.118988769 -0.00621317328 -0.0646082583 0.0974140792 0.993125202
1341846675.8541 0.0388094004 0.00762868497 -0.110635185 -0.00337740982 -0.0672628183 0.0949593914 0.993200393
1341846675.88617 0.06218385 0.00589194001 -0.101702716 0.00249425224 -0.0721765572 0.0969758348 0.99266309
1341846675.92247 0.0904980197 0.00212062101 -0.0945373802 0.0121869594 -0.0762289896 0.0969147231 0.99229439
1341846675.96172 0.124170347 -0.000828332668 -0.0816423123 0.0209299901 -0.0817572188 0.0945549564 0.991936013
1341846676.02809 0.190202325 -0.0180050975 -0.0668815878 0.0408993258 -0.0956695034 0.094705572 0.990053254
1341846676.04117 0.204069009 -0.0252133045 -0.0704978032 0.0480824035 -0.0965969702 0.0939787807 0.989709602
1341846676.10419 0.245536171 -0.0304388503 -0.073344337 0.0486871929 -0.106612517 0.0924295285 0.988797305
1341846676.12217 0.290853462 -0.0432854825 -0.081187734 0.0394559755 -0.11349157 0.0858567547 0.989035645
1341846676.15446 0.329577153 -0.0474171094 -0.0634536588 0.0367874366 -0.120002564 0.0835457543 0.98856774
1341846676.19024 0.359597874 -0.0540422517 -0.0483371112 0.035008697 -0.125677403 0.0863326982 0.987687322
1341846676.22299 0.405791403 -0.0505344355 -0.0594400698 0.0284890779 -0.129685161 0.0887115378 0.987167865
1341846676.25757 0.455223258 -0.0659243454 -0.0328642858 0.0173222851 -0.137314998 0.0839693903 0.986809846
1341846676.29104 0.475030234 -0.0444671975 -0.032406569 0.0197746174 -0.139145286 0.085878277 0.986342981
1341846676.32312 0.486127415 -0.0386489021 -0.0446374127 0.0171934869 -0.135647014 0.0851640062 0.986940405
1341846676.36116 0.490925619 -0.0183221153 -0.0709200622 0.00814439968 -0.130725864 0.0840163633 0.987818641
1341846676.39131 0.496448672 -0.0307684789 -0.0476410395 -0.00116004095 -0.129218155 0.0787373594 0.988484573
1341846676.42465 0.537218069 -0.0210683267 -0.041625616 0.00294892346 -0.131650702 0.0815071198 0.987935213
1341846676.45966 0.540815662 -0.0190894078 -0.0529800904 -0.000310384943 -0.126046391 0.0862435354 0.988268316
1341846676.4947 0.521962679 -0.0397331916 -0.0580310639 -0.00852875533 -0.11853563 0.0817014056 0.98954608
1341846676.53275 0.527121373 -0.0334279996 -0.053265843 -0.00787336333 -0.114048879 0.0816759004 0.99008076
1341846676.56406 0.533720758 -0.0175554986 -0.0613481102 -0.00822936319 -0.110546167 0.0827538751 0.990385591
1341846676.59714 0.531644578 -0.0189551501 -0.0578488747 -0.0122369855 -0.107920274 0.0806704944 0.990805602
1341846676.63248 0.555152395 -0.021008819 -0.0563485541 -0.013359205 -0.10710806 0.0775889069 0.991125298
1341846676.6771 0.556712547 -0.0312617381 -0.0549596923 -0.0156878484 -0.103932223 0.0769795214 0.991476746
1341846676.69009 0.566536562 -0.0287158091 -0.0594166405 -0.0151382569 -0.10363875 0.0745067284 0.991704891
1341846676.72611 0.57238425 -0.0265598644 -0.0643987428 -0.0140620221 -0.0997027001 0.0700950936 0.99244562
1341846676.75843 0.564706375 -0.025652501 -0.0633194385 -0.0109613076 -0.0944989937 0.0705276531 0.992963061
1341846676.79024 0.552792214 -0.0161095564 -0.0642432634 -0.00795903574 -0.0913734178 0.071595289 0.993207766
1341846676.82619 0.548219743 -0.013769531 -0.0608704633 -0.00680965577 -0.0854432828 0.06933746 0.993904115
1341846676.85858 0.575415551 -0.0139006142 -0.0538726462 -0.00587018808 -0.0863423786 0.0707107186 0.993735643
1341846676.8941 0.589545967 -0.0177805836 -0.052030961 -0.00717588345 -0.0898659336 0.0744917219 0.99313826
1341846676.92607 0.599769725 -0.0132817116 -0.0461458178 -0.00715756998 -0.0901175763 0.0725640365 0.993258301
1341846676.95809 0.599821023 -0.0155198684 -0.0508504875 -0.00699523579 -0.0878026938 0.0727206318 0.993455315
1341846676.99414 0.604927443 -0.0130961034 -0.0582955464 -0.00511478127 -0.090331351 0.0737288533 0.993165717
1341846677.02625 0.607497265 -0.0200274446 -0.0596661642 -0.00630745192 -0.0909714076 0.0742761697 0.993059651
1341846677.04218 0.614311028 -0.0220699054 -0.0611253802 -0.00786111405 -0.0903661268 0.0729338936 0.993203309
1341846677.09426 0.613043304 -0.0139602176 -0.0497278927 -0.00756597183 -0.0923749873 0.0735511343 0.992975251
1341846677.12612 0.619982139 -0.0146474756 -0.0515579046 -0.00557892309 -0.0943690417 0.074165221 0.992755196
1341846677.16208 0.620619844 -0.013245456 -0.0465275649 -0.00344567058 -0.093672578 0.0732846697 0.992896235
1341846677.19407 0.622442151 -0.00607878519 -0.0506923287 -0.00374987466 -0.0946915461 0.0739492288 0.992749193
1341846677.22621 0.633285651 -0.0137326665 -0.0504872786 -0.00487918821 -0.0953608277 0.0732703793 0.992730556
1341846677.26231 0.63072736 -0.0124726019 -0.0523272902 -0.00144560694 -0.0919966627 0.0732504759 0.993060367
1341846677.29413 0.631507695 -0.00833727525 -0.0623001656 0.000311184798 -0.0932936327 0.0725811958 0.992989512
1341846677.32686 0.639191916 -0.00120964745 -0.0587159421 -0.000604023339 -0.0938798608 0.0723513223 0.992950902
1341846677.3622 0.642204672 -0.00742841632 -0.0446072031 -0.00114118048 -0.0915486175 0.0731203282 0.993111759
1341846677.39429 0.635791931 -0.0123359818 -0.0407302615 -0.000615994829 -0.0901788893 0.0737374626 0.993191913
1341846677.43007 0.647176473 -0.0128832889 -0.0404225087 -0.000590782685 -0.090313635 0.0728415173 0.993245796
1341846677.46835 0.646544379 -0.0176979761 -0.0384387169 -0.000116347992 -0.0870718323 0.0723327888 0.993572569
1341846677.48145 0.646408727 -0.018163716 -0.037984043 0.00250294173 -0.085952952 0.0725883372 0.993648207
1341846677.53019 0.653392042 -0.014541956 -0.0351315675 0.00501351675 -0.0851928133 0.0713062723 0.993796994
1341846677.56206 0.651968171 -0.0139597442 -0.0361229979 0.00642675621 -0.081895659 0.0696963204 0.994180175
1341846677.59411 0.649231767 -0.0135489487 -0.0350796902 0.00684906304 -0.0805790745 0.0692862225 0.994313594
1341846677.63023 0.652254759 -0.0180563456 -0.036225586 0.00691941305 -0.0800070842 0.0683549605 0.994423746
1341846677.66206 0.651086606 -0.0130381783 -0.0360722158 0.00862226337 -0.0784410606 0.0682684777 0.994541136
1341846677.71429 0.652478105 -0.0112199208 -0.0357347189 0.00830423282 -0.0792093089 0.0688958423 0.994439685
1341846677.73034 0.657701933 -0.0104765428 -0.0337810868 0.00811987695 -0.0792473597 0.0683013232 0.994479187
1341846677.76526 0.656537742 -0.0149931683 -0.0340531035 0.00891177531 -0.0780498543 0.06883839 0.994530078
1341846677.79864 0.651659506 -0.0109369427 -0.0369156993 0.00932312658 -0.0789963893 0.0683845916 0.994482879
1341846677.83011 0.66360123 -0.013828465 -0.0303904091 0.00856742041 -0.0798366222 0.0670171457 0.994515669
1341846677.86219 0.664407079 -0.0220025951 -0.0295412659 0.0107307658 -0.0775705424 0.0665532036 0.994705149
1341846677.89835 0.662578462 -0.0200058715 -0.0312719207 0.0143289307 -0.0776729404 0.067548162 0.994584759
1341846677.93018 0.664768556 -0.0159313302 -0.0324669158 0.0171685499 -0.077386726 0.066269358 0.994648133
1341846677.96627 0.668144949 -0.0269634838 -0.0316077247 0.0186983986 -0.0755666876 0.0661614892 0.994767663
1341846677.99881 0.664388734 -0.0358817688 -0.0363977312 0.0221146825 -0.0756274563 0.0681241283 0.994560472
1341846678.03038 0.67119596 -0.0236256586 -0.0345467704 0.0269173567 -0.0788563222 0.0684448797 0.994169218
1341846678.0662 0.673143363 -0.0238366007 -0.0349224504 0.0286699543 -0.0774982998 0.067458772 0.994294404
1341846678.09837 0.666252368 -0.0312395611 -0.0410309407 0.02951377 -0.0767609959 0.0681861098 0.994277296
1341846678.13409 0.672347644 -0.0331656072 -0.0409661063 0.031009975 -0.080547483 0.0692241009 0.993860407
1341846678.16627 0.674229371 -0.0310786271 -0.0412845527 0.032634989 -0.0796404231 0.0679414584 0.993969979
1341846678.20431 0.670784411 -0.0338855023 -0.0430788913 0.0340600128 -0.078872835 0.0691691657 0.993898696
1341846678.21923 0.672484289 -0.0406657353 -0.0468410101 0.0351184115 -0.0811907027 0.0695977709 0.993645267
1341846678.26622 0.676976547 -0.0320354016 -0.0444852942 0.0384757826 -0.0826780193 0.0691685617 0.993428241
1341846678.29832 0.670615027 -0.0298311997 -0.0518576063 0.0393237995 -0.0829384572 0.0694045646 0.993356863
1341846678.33414 0.673922341 -0.0310953966 -0.0518114667 0.0392348558 -0.0852740923 0.0689764004 0.993192434
1341846678.3669 0.678165559 -0.0347286404 -0.0452859777 0.0404413381 -0.0852812895 0.0691809746 0.993129192
1341846678.4023 0.679124405 -0.0367356908 -0.048272802 0.0414900193 -0.0855332995 0.0696647597 0.99303044
1341846678.44002 0.68348769 -0.0372876481 -0.0483429711 0.0421795262 -0.0857982272 0.0696940933 0.992976478
1341846678.45345 0.681842515 -0.0386159708 -0.0497633356 0.043393538 -0.0842443838 0.0697363748 0.99305424
