1341846647.76854 -0 -0 -0 0 0 0 1
1341846647.80226 0.00510357427 -0.0052830543 -0.00200376965 -0.000748267861 0.00186231846 -0.000518399416 0.999997852
1341846647.86669 0.0149376028 -0.00791182825 -0.00535954378 0.00103736136 0.00332157498 0.00271139248 0.99999027
1341846648.10216 0.0301202536 -0.000390959909 -0.00935380541 -0.00347654491 -0.00584336177 0.00612531962 0.999958124
1341846648.30219 0.024534956 -0.00182182406 -0.0279685849 -0.0157060164 -0.0265761733 -0.00349532526 0.999517289
1341846648.37023 0.0208177339 -0.00589494144 -0.0313840793 -0.0215131632 -0.0378078387 -0.00842894606 0.99901787
1341846648.57019 0.0352514487 -0.00466770231 -0.0334107245 -0.0329697409 -0.0766698704 -0.00966308904 0.996464426
1341846648.70641 0.0495372983 -0.0138457845 -0.0354279007 -0.0363959832 -0.10301121 -0.0127059875 0.993932886
1341846648.94216 0.104171326 -0.0143395538 -0.00885688533 -0.038980854 -0.160298339 0.00102818587 0.986298068
1341846649.1062 0.152300353 -0.00867711268 0.00419506688 -0.0472523165 -0.195934216 -0.0195418259 0.979282962
1341846649.81027 0.269482133 -0.0447167223 0.0410740251 -0.0681749774 -0.254217364 -0.0276192643 0.96434583
1341846650.28217 0.340702471 -0.0580556729 0.120714734 -0.0585225986 -0.287311542 -0.0217983539 0.95579915
1341846650.88625 0.261355909 -0.0736481109 0.0643223918 -0.0400255971 -0.185444935 -0.0437146429 0.980865515
1341846651.25404 0.138906736 -0.0780279323 0.0360991086 -0.0425558792 -0.0959557966 -0.0182832599 0.994307399
1341846651.49216 0.0557535447 -0.0902166337 0.0432287054 -0.0488146201 -0.0615355622 -0.0297091158 0.996467699
1341846651.6222 -0.00370657193 -0.106832534 0.0578783313 -0.0386724474 -0.0312470826 -0.0307339254 0.998290282
1341846651.72232 -0.0677166927 -0.115434043 0.0526685067 -0.0286220139 -0.0155573354 -0.0270271098 0.999103741
1341846651.85822 -0.169163018 -0.12689639 0.0419068021 -0.0217577795 0.0133953665 -0.0264167555 0.999324431
1341846651.99003 -0.287236719 -0.132597023 0.0363168435 -0.00393407108 0.0435759842 -0.0178844207 0.998882277
1341846652.09011 -0.39561711 -0.136670699 0.0354255278 -0.00279019329 0.0641982796 -0.0181707392 0.997767819
1341846652.22601 -0.555060663 -0.145822691 0.0717457426 -0.00755215051 0.101247115 -0.0195425614 0.994640676
1341846652.32617 -0.621852198 -0.143856774 0.0587124751 0.00644983705 0.115500023 -0.0105324772 0.993230694
1341846652.5621 -0.706693019 -0.165252165 0.0280327071 0.0138699112 0.144211673 -0.0152215447 0.989332565
1341846652.66216 -0.674050525 -0.182044203 -0.127071837 0.0202439325 0.172045236 -0.00888190803 0.984840968
1341846652.79417 -0.682357211 -0.202526367 -0.174212155 0.0172205366 0.281409376 -0.0104481444 0.959376387
1341846652.89443 -0.696072725 -0.196086898 -0.133671364 0.0158729292 0.345889359 -0.00607507931 0.938121365
1341846653.0303 -0.721860281 -0.191402496 -0.0872371761 0.0114259327 0.414056999 -0.00943386948 0.910130349
1341846653.1309 -0.722402978 -0.185946732 -0.0530354943 0.0101506279 0.461259597 -0.0117306162 0.887129608
1341846653.24623 -0.704087326 -0.172655746 0.00360533482 0.0149775289 0.513174611 -0.00480965664 0.858140058
1341846653.36633 -0.680694575 -0.161718006 0.0320440796 0.0148793138 0.544393889 0.00438150362 0.838686296
1341846653.46635 -0.744682326 -0.144184015 0.0316771924 0.0216508584 0.565326179 0.00632645919 0.82455899
1341846653.56695 -0.761009711 -0.141024417 0.0308497561 0.0215894308 0.572844067 0.000429871579 0.81937988
1341846653.69875 -0.769559948 -0.136833802 0.0478238197 0.0198635208 0.567936362 0.00281807807 0.822827921
1341846653.80236 -0.794633538 -0.128143279 0.046774752 0.0152679022 0.554620023 0.00594564068 0.831942408
1341846653.93417 -0.771153998 -0.140672244 0.0920588184 0.00837566456 0.526209364 0.00833104946 0.850272984
1341846654.07019 -0.723062317 -0.145020735 0.130457153 -0.00102185201 0.491890491 0.00717052312 0.870626949
1341846654.17054 -0.696270734 -0.13543396 0.154189734 0.00979369026 0.45436232 0.00402626925 0.890754037
1341846654.30212 -0.667982056 -0.127659972 0.183072885 0.00977467035 0.402569521 -0.0140761153 0.915228987
1341846654.40218 -0.700649923 -0.125511593 0.233335611 0.0128572184 0.372664102 -0.00901128201 0.927833474
1341846654.50268 -0.699854614 -0.123573406 0.23140449 0.00720906828 0.328914465 -0.0118703364 0.944257592
1341846654.63799 -0.549250823 -0.155572715 0.0313223783 0.00865601218 0.250296399 0.00353530021 0.968124108
1341846654.7385 -0.537721085 -0.150141487 0.0142302224 0.01988311 0.209987171 0.00748692958 0.977473271
1341846654.90621 -0.484568557 -0.11979524 -0.00920114529 0.0175393758 0.1472409 0.00927027929 0.988901689
1341846655.04225 -0.437485476 -0.11565719 -0.06218013 0.0235542165 0.0769004856 0.0158647534 0.996634248
1341846655.20613 -0.400305939 -0.105264436 -0.0730707065 0.0215676867 -0.0138373841 0.00641446551 0.999651047
1341846655.31018 -0.367217306 -0.114343314 -0.0646466738 0.0307765214 -0.0375598636 0.00423544446 0.998811355
1341846655.47421 -0.287178668 -0.0990270859 -0.0765286885 0.050444964 -0.0747126884 0.0228156986 0.995666994
1341846655.59411 -0.21727033 -0.0915377883 -0.0743008986 0.0379907588 -0.120488429 0.0287821407 0.991569881
1341846655.74806 -0.178316323 -0.079080643 -0.0496825289 0.0337482791 -0.166177354 0.0311042 0.985027243
1341846655.91038 -0.0691478149 -0.10330681 -0.00226183424 0.017039283 -0.2302399 0.0352050054 0.972347602
1341846655.94625 -0.0471328684 -0.105264801 3.98385047e-05 0.0145779568 -0.242598306 0.0354938901 0.969367695
1341846656.04651 -0.0462387101 -0.0908286942 -0.0276246556 0.01008046 -0.253033867 0.0335580176 0.966822686
1341846656.17816 -0.010749049 -0.0876789439 0.0241742227 0.00557081075 -0.279789134 0.0364051436 0.959354821
1341846656.28257 0.0104445381 -0.0827910006 0.0439949641 0.00508350982 -0.294025979 0.0371136295 0.955063066
1341846656.41426 -0.00819635381 -0.0775926443 0.0511844453 0.00145129789 -0.314579494 0.0329119535 0.948659285
1341846656.61423 0.0307617858 -0.0767447631 0.00621325498 -0.0118591429 -0.344350208 0.0310628949 0.938252307
1341846656.95612 0.0297575624 -0.0611796942 -0.0242157703 -0.020730255 -0.350203486 0.0289123741 0.935997783
1341846657.09203 0.0274646908 -0.0612300772 -0.0145130606 -0.0200583905 -0.324605362 0.0336198596 0.945039007
1341846657.1921 0.0235752018 -0.0655303432 -0.00925009709 -0.00754779221 -0.285913603 0.0374448348 0.957493774
1341846657.35465 0.0336296046 -0.0709236744 -0.00554728201 -0.00484952515 -0.238701459 0.0268805209 0.970708779
1341846657.4864 0.0859902017 -0.0536741083 0.0118363629 0.00238915452 -0.198004084 0.0235669379 0.979914932
1341846657.62221 0.206299119 -0.0534276724 0.0416865891 0.00886219114 -0.174112392 0.0149443475 0.984572498
1341846657.75411 0.189504637 -0.0319616436 0.0471162889 0.0171772817 -0.129930279 0.00829219731 0.991339651
1341846657.89 0.239191441 -0.0271059185 0.107480438 0.0156887212 -0.0844893439 0.00467948327 0.996289876
1341846658.55815 0.160565518 0.0023182753 0.116014112 -0.0152800002 0.00810374575 0.00192428824 0.999848563
1341846658.69415 0.157728858 -0.000515005638 0.10151967 -0.0744990287 -0.00632663193 -0.00239526237 0.99719814
1341846658.86221 0.12331903 -0.0210282469 0.105621123 -0.114273823 -0.0115233825 -0.00403329546 0.993374269
1341846659.86684 0.124543597 -0.0316134944 0.0942242277 -0.113736631 -0.00972632986 -0.00179412668 0.993461705
1341846660.27017 0.0978364135 -0.0657400379 0.0890703955 -0.0873280963 -0.0287075097 -0.00713611476 0.995740307
1341846660.70648 0.0965904489 -0.0685829174 0.083439321 -0.0415410081 -0.0373024776 0.000237907295 0.99844019
1341846661.07407 0.103951964 -0.0868689166 0.0852419141 0.0335385928 -0.0222055079 0.00968881096 0.999143736
1341846661.54327 0.119002043 -0.0546642229 0.0708794564 0.0429120386 -0.0260427461 0.00399978122 0.998731362
1341846661.74235 0.0876190749 -0.0685878768 0.0880107146 0.0519425625 -0.0276968678 -0.0016255373 0.9982646
1341846661.87817 -0.502771691 -0.0644926259 0.158320138 0.0864148861 0.0940457449 -0.00392692603 0.991802624
1341846662.01032 -0.671217621 -0.072545576 0.191607513 0.0961708778 0.126021715 -0.0300846099 0.986896451
1341846662.11068 -0.770418204 -0.0705699837 0.137814993 0.115690277 0.13212827 -0.0376570405 0.983737682
1341846662.21414 -0.84716347 -0.059713598 0.137639642 0.144313832 0.135680016 -0.035428763 0.979545432
1341846662.31422 -0.928576774 -0.0496353353 0.100625775 0.16432219 0.1413711 -0.0392297756 0.975435008
1341846662.41424 -1.00316072 -0.0650489909 0.147779185 0.181938663 0.145173423 -0.0381917742 0.971784126
1341846662.58211 -0.99718302 -0.0668415428 0.148936496 0.217196052 0.142985922 -0.0406545515 0.964742509
1341846663.35013 -0.989077258 -0.0305737578 0.122278298 0.211790649 0.135806068 -0.0417485239 0.966932518
1341846663.82212 -0.928801371 -0.0321504749 0.0757826158 0.0936018655 0.130071735 -0.0255604796 0.986745507
1341846664.2222 -0.930245509 -0.0259606891 0.0695778643 -0.0379276211 0.147359436 -0.0181155904 0.988189515
1341846664.45871 -0.930094758 -0.00135691003 0.0565620962 -0.0885810508 0.15206189 -0.0126875198 0.984311742
1341846665.31513 -0.937691595 0.033023351 0.031311084 -0.175152209 0.171886239 0.00288380616 0.969416581
1341846665.86611 -0.953868024 0.0402369906 -0.00145513546 -0.238791333 0.182074718 0.0126215087 0.953765272
1341846666.13415 -0.960433513 0.0401963095 -0.0104578149 -0.267998118 0.188307613 0.022248284 0.944575177
1341846666.26633 -0.961824207 0.0159088066 -0.0133680961 -0.283661371 0.18531112 0.0252957228 0.940508449
1341846666.47007 -0.967647188 0.0405565926 -0.0223838712 -0.319050843 0.183671181 0.0399484981 0.928910962
1341846666.60251 -0.984268762 0.111451479 -0.0572292917 -0.333372579 0.187024027 0.0478886632 0.922817107
1341846666.73828 -0.982580477 0.0668534295 -0.0443127385 -0.355573768 0.183862882 0.0534269838 0.914826373
1341846666.87052 -0.98209168 0.0723632826 -0.0540140787 -0.361279273 0.17690449 0.0620952401 0.913414621
1341846667.00621 -0.993314737 0.0701442595 -0.0583798788 -0.374542313 0.17491949 0.0599364371 0.908586183
1341846667.13812 -0.992186375 0.0725342317 -0.0633105051 -0.389571319 0.165991287 0.0570860318 0.904114077
1341846667.27403 -0.941544036 0.0267568901 -0.0624205613 -0.386128836 0.157247012 0.0450941372 0.907824002
1341846667.44212 -0.87807439 -0.077982167 -0.0131335276 -0.360983149 0.149274956 0.0389067385 0.919725187
1341846667.54232 -0.965327824 -0.166994222 -0.0240878953 -0.333705807 0.162696407 0.0228649704 0.928249701
1341846667.67408 -1.04116862 0.0571538908 -0.0698395636 -0.257080702 0.174103011 0.00525884269 0.95056299
1341846668.01024 -1.07026299 0.0533348193 -0.0310811278 -0.202566063 0.196848523 -0.00730166205 0.959251966
1341846668.24617 -1.10021213 -0.00761490549 0.0113205259 -0.146303313 0.211011602 -0.0128012483 0.9663879
1341846668.47817 -1.10584173 -0.0571511472 0.0436653195 -0.0863391633 0.209388801 -0.0103089564 0.973958728
1341846668.68275 -1.07284642 -0.0138236813 0.0292142946 -0.0169895095 0.199403704 -0.0294306983 0.979328011
1341846669.68608 -1.08064847 0.0605603624 -0.000285438403 -0.117422933 0.16322237 -0.196766611 0.95961097
1341846670.22223 -1.03007315 0.0977268253 -0.0453596912 -0.195573153 0.195062242 -0.327809084 0.903461714
1341846670.42221 -1.07504264 0.0842710289 -0.0488938929 -0.201471982 0.233092839 -0.37149062 0.875826175
1341846670.62903 -1.09682039 0.0626955465 -0.055536003 -0.189250888 0.265858439 -0.413048714 0.850231822
1341846670.79606 -1.1352898 0.0406391029 -0.0338310359 -0.17250016 0.29381107 -0.444327186 0.828548189
1341846670.89614 -1.08778008 0.0257023735 -0.067919124 -0.151193634 0.296054339 -0.444700129 0.831705542
1341846671.00028 -1.06689768 0.0130298622 -0.109634575 -0.119528392 0.297602777 -0.438411533 0.839607574
1341846671.1014 -1.04456914 0.0105058624 -0.130346216 -0.0956408361 0.303012968 -0.451488308 0.833783113
1341846671.23229 -1.03853619 -0.00615232285 -0.162605461 -0.0553606497 0.293631147 -0.472911085 0.828897493
1341846671.36825 -1.02089979 -0.0049285809 -0.200669623 -0.0240427909 0.286829995 -0.487728831 0.824179037
1341846671.60419 -1.01586187 -0.00395598022 -0.188188504 0.00518561367 0.25468512 -0.529780744 0.808975255
1341846671.87213 -1.02612222 -0.0179395426 -0.204263174 0.0220032226 0.210751717 -0.572514635 0.792039497
1341846672.90228 -1.03784793 -0.00772398886 -0.174336453 0.0213878263 0.164108957 -0.557239662 0.813692061
1341846673.64804 -1.04095599 -0.00268998503 -0.145171697 0.0704830717 0.100984234 -0.324961596 0.937674934
1341846674.68223 -1.04152364 0.0363962819 -0.0920241212 0.0547874035 0.060114474 -0.0433425846 0.995743948
1341846674.98235 -1.02869243 0.0353676394 -0.190273799 0.0516702739 0.0579900147 0.0284077993 0.996574301
1341846675.09841 -1.01176115 0.0298817924 -0.240183006 0.0173944289 0.0530955076 0.0523780682 0.997063107
1341846675.21915 -0.974837251 0.0211414286 -0.262666587 -0.020487405 0.0539666545 0.059537706 0.996555632
1341846675.35018 -0.843983994 0.0621207435 -0.236421058 -0.0358537616 0.0391615077 0.0581138987 0.996897015
1341846675.38228 -0.811056878 0.0685453085 -0.227637036 -0.045854717 0.0371299696 0.0591611029 0.996503223
1341846675.48637 -0.714243346 0.083896079 -0.189082357 -0.0376134498 0.0324119984 0.0778411644 0.9957286
1341846675.61808 -0.643566482 0.0874819094 -0.188881822 -0.0113232532 0.0273283441 0.0976247449 0.994783572
1341846675.78634 -0.544326785 0.0785430913 -0.175837735 0.0108585823 0.0164132177 0.0939190373 0.995385308
1341846675.92247 -0.448857849 0.0690553024 -0.180597429 0.0326293589 0.00855507317 0.091762911 0.995209377
1341846676.02809 -0.356645473 0.0453863866 -0.186567 0.0590705041 -0.00694576855 0.0880461847 0.994339128
1341846676.04117 -0.329265173 0.0386954731 -0.188757989 0.0664159727 -0.0112739646 0.0860713844 0.994008819
1341846676.15446 -0.23274618 0.0238735064 -0.202664998 0.0555824646 -0.028473374 0.0807311294 0.994777534
1341846676.25757 -0.110608712 0.0244933414 -0.218786043 0.0413328324 -0.0433193772 0.0834291667 0.994713327
1341846676.36116 -0.0428159041 0.0420809766 -0.237545706 0.0247677708 -0.0418301065 0.0846679908 0.995222654
1341846676.4947 -0.0357182791 0.0574971868 -0.246362476 0.0151366994 -0.0270113861 0.0806906395 0.996258142
1341846677.53019 0.0983428643 0.0584623661 -0.265748738 0.0236344263 0.00772630942 0.0696055214 0.997264654
