0.0884557
0.0495648
0.0506574
0.055047
0.0492402
0.0504497
0.0431638
0.0426564
0.0410148
0.0391145
0.0356056
0.0413597
0.0488144
0.0455306
0.0359287
0.0367784
0.0345362
0.0375175
0.0426318
0.0424631
0.0432191
0.0410453
0.0377625
0.0367452
0.0371838
0.0418061
0.0785575
0.0600031
0.0466589
0.0384447
0.0442279
0.044301
0.036244
0.0382458
0.0402342
0.0353767
0.0337282
0.0404482
0.0396639
0.0638058
0.0463997
0.0352481
0.0468747
0.0415688
0.03866
0.0389177
0.0373556
0.0386167
0.0385366
0.0393391
0.0371214
0.0372013
0.0363549
0.0378259
0.0376252
0.0344186
0.0369023
0.0354874
0.0331633
0.0351415
0.0331346
0.0342785
0.047822
0.0374792
0.0347737
0.0373418
0.035302
0.0352445
0.0344101
0.0350983
0.0351368
0.0339961
0.0338464
0.0390726
0.0363497
0.0343583
0.0481796
0.0452839
0.0425091
0.0380493
0.0424489
0.0404075
0.0363739
0.0347788
0.0390831
0.0369824
0.0360502
0.0394889
0.0380836
0.0349686
0.0358422
0.0396224
0.0364103
0.036282
0.0579046
0.0432229
0.040764
0.0394044
0.0389709
0.0390768
0.0384977
0.04058
0.041705
0.0393893
0.0460985
0.0700477
0.049644
0.0436706
0.046725
0.0494465
0.0462524
0.072662
0.0544778
0.0463964
0.0512882
0.0671669
0.0548514
0.0632519
0.0862226
0.0532206
0.0473564
0.053983
0.0613185
0.0538368
0.0494901
0.0658079
0.0558321
0.053987
0.0651896
0.0656003
0.0555131
0.0531739
0.057297
0.0491733
0.0469809
0.045518
0.052516
0.049752
0.0446062
0.0426616
0.0439789
0.0448069
0.0425871
0.0492044
0.041324
0.0314541
0.0356794
0.0295485
0.0264736
0.0267982
0.0309577
0.0308325
0.0284651
0.0336242
0.0286998
0.0265112
0.027476
0.0327974
0.0236652
0.0248033
0.026865
0.0243284
0.0220006
0.0225163
0.0248844
0.021136
0.0278919
0.0264968
0.0270377
0.0250856
0.0254296
0.0271925
0.0278645
0.0260683
0.0244117
0.0243316
0.0229897
0.0261928
0.0247113
0.0264328
0.0277654
0.0259943
0.0263143
0.0298067
0.0264306
0.0232136
0.0217563
0.0202734
0.02102
0.0216119
0.0217607
0.0244396
0.0203878
0.0188275
0.0201544
0.0249234
0.0247209
0.0221533
0.0295064
0.0262301
0.0255441
0.0289295
0.0277048
0.0240393
0.0301498
0.0328208
0.0262946
0.0281588
0.0342944
0.0266756
0.0266225
0.028053
0.0307358
0.0292049
0.0274844
0.0302382
0.0267316
0.0319026
0.0313993
0.0282559
0.0288534
0.0325489
0.0305426
0.0267559
0.0271395
0.0318892
0.0703558
0.0411864
0.0402488
0.0379696
0.0581136
0.0432215
0.0448325
0.045502
0.0457581
0.0503463
0.0474405
0.0437739
0.043864
0.0357735
0.0375296
0.0396026
0.0489338
0.0469527
0.0588783
0.0501659
0.0479381
0.0518207
0.0435805
0.0476319
0.0499148
0.0458892
0.0464519
0.0398322
0.0390841
0.0386138
0.0400018
0.0405577
0.0363904
0.04292
0.0386669
0.0350306
0.0363996
0.0426031
0.041933
0.0365799
0.0361695
0.0382656
0.036553
0.0351799
0.0402347
0.036735
0.0376436
0.0428395
0.0441291
0.0358784
0.0355743
0.0387625
0.0378426
0.0425861
0.0480061
0.0439548
0.0396405
0.0422241
0.0567036
0.0490234
0.0395191
0.0429104
0.0471204
0.0455778
0.0374451
0.043725
0.0518648
0.0517103
0.061349
0.0412969
0.0457533
0.0388083
0.0420193
0.0436272
0.0537597
0.0605774
0.0537791
0.0523978
0.0519817
0.0549237
0.0521973
0.0571336
0.0560647
0.0534779
0.0531951
0.0469043
0.0465159
0.048136
0.0497737
0.0468582
0.0454271
0.04205
0.0418694
0.0428298
0.042527
0.0421304
0.0449997
0.0439956
0.0507844
0.0491004
0.0413845
0.0423194
0.0483453
0.0548778
0.0454951
0.0477969
0.0524897
0.0491719
0.0521726
0.0547124
0.0500471
0.0475856
0.0502379
0.055353
0.0497728
0.0489435
0.0516091
0.0534524
0.0541452
0.0533884
0.0528023
0.0526086
0.0517701
0.050037
0.0501823
0.0448891
0.0464188
0.0469375
0.045784
0.0457434
0.0518082
0.0503559
0.0587763
0.0572243
0.0589328
0.0555664
0.0602133
0.0473451
0.0435475
0.0479611
0.0545194
0.0475396
0.0539365
0.0537974
0.0518012
0.054698
0.0535441
0.0610725
0.0591136
0.0586992
0.057342
0.0617896
0.0568679
0.053031
0.047629
0.0532151
0.0498095
0.0549625
0.0684635
0.0639514
0.0565781
0.0482934
0.0495142
0.0525929
0.0480881
0.0539386
0.0584144
0.0538566
0.0581975
0.058316
0.0669463
0.0577095
0.053894
0.0531369
0.0548085
0.0538618
0.0561711
0.0570612
0.0533064
0.0547487
0.059039
0.0549524
0.0593345
0.0628431
0.0640293
0.0606279
0.0560613
0.0577749
0.0538792
0.0686829
0.0586484
0.0598058
0.0588232
0.0664841
0.0425052
0.036598
0.0335059
0.0396156
0.0393613
0.0351715
0.0395445
0.0356457
0.030298
0.0364203
0.0314739
0.0320808
0.0371338
0.0308583
0.0326471
0.0355601
0.0303393
0.031821
0.0301951
0.0322333
0.0339821
0.0304048
0.0318275
0.0311488
0.0276389
0.030273
0.0293117
0.0293822
0.0298927
0.0301785
0.0309811
0.0298579
0.0295738
0.0336999
0.0343555
0.0335769
0.0316545
0.0325184
0.0314936
0.0330308
0.0327922
0.0288001
0.0277351
0.0336778
0.0388373
0.0316931
0.0318736
0.0357433
0.0365317
0.0354608
0.035234
0.0355326
0.0357818
0.0347894
0.0333911
0.029042
0.0271893
0.032109
0.0259424
0.0230533
0.0271532
0.0262901
0.0222561
0.0269658
0.02915
0.0289106
0.024627
0.0223285
0.025025
0.0340524
0.0314166
0.0288958
0.0261076
0.024776
0.0251757
0.0279615
0.0269783
0.0278593
0.0268308
0.0244683
0.0291356
0.0290183
0.0244691
0.0221606
0.0241967
0.0262278
0.0228013
0.0216345
0.0256819
0.0280381
0.0374543
0.0322957
0.0313058
0.0308599
0.0288653
0.0339113
0.0377298
0.0359005
0.0283301
0.0297552
0.027522
0.0319174
0.038325
0.0302687
0.0279594
0.0288601
0.0264514
0.0277108
0.0272491
0.0304225
0.0299964
0.0286483
0.0267784
0.0216253
0.0231547
0.0266427
0.0208078
0.0218797
0.0255294
0.0237935
0.02155
0.0208476
0.0215334
0.0267398
0.01905
0.0220295
0.0274248
0.0209393
0.0202585
0.0208059
0.0197761
0.0182755
0.0172108
0.018458
0.0173352
0.0179474
0.0198333
0.0148333
0.0136605
0.014949
0.0179872
0.0182191
0.0138472
0.0162874
0.0163469
0.0157768
0.0171176
0.015761
0.0168408
0.0135145
0.0133149
0.0174928
0.0141848
0.0141486
0.0113443
0.0134354
0.0137266
0.0121118
0.0119463
0.0134094
0.0136413
0.0135999
0.0138414
0.0141042
0.0167757
0.0156154
0.0173515
0.0222938
0.0196301
0.0214511
0.0221135
0.0281148
0.0274004
0.0266053
0.0251453
0.0276358
0.0266486
0.0240866
0.0251361
0.029417
0.0286964
0.0310439
0.0524096
0.0347704
0.0297468
0.0286183
0.0226261
0.0244069
0.0253092
0.0337526
0.0343194
0.032763
0.0315937
0.0286554
0.0278911
0.0287365
0.0318491
0.0347247
0.0317301
0.0320673
0.0347969
0.0363879
0.0350422
0.0400482
0.0420647
0.0409949
0.0452579
0.0417683
0.0397958
0.0387973
0.0384301
0.0389877
0.0396614
0.0382076
0.0397586
0.0380287
0.038392
0.0397177
0.0371897
0.0395956
0.0417784
0.0365003
0.0369708
0.0393915
0.0384424
0.0373789
0.0433747
0.0392555
0.0360433
0.0337384
0.0348782
0.0393506
0.0394664
0.0371521
0.0381857
0.0399811
0.0345921
0.0348256
0.0364017
0.0316522
0.0322777
0.032286
0.0325684
0.0308677
0.0326791
0.032413
0.0366239
0.037896
0.0422563
0.0382221
0.0266428
0.0239901
0.030784
0.0311432
0.0359269
0.0371779
0.0333486
0.0307625
0.0327515
0.0360107
0.0399634
0.0384172
0.0357176
0.0333377
0.0362593
0.0439451
0.0392945
0.0397187
0.0402708
0.0433669
0.0459756
0.0407347
0.0398603
0.0423786
0.0380168
0.0417483
0.0385105
0.0410497
0.0428687
0.0502244
0.0485949
0.0509111
0.0534985
0.0522742
0.0511057
0.0463926
0.0411943
0.0432073
0.0418275
0.0424254
0.045204
0.0466662
0.0457628
0.0425816
0.0421165
0.0442926
0.0480021
0.0496633
0.0490499
0.0471164
0.0482383
0.0520647
0.0490605
0.0455659
0.0514733
0.0508676
0.0476844
0.054209
0.0489897
0.0507577
0.0548873
0.051599
0.0548782
0.0514434
0.0537254
0.0535143
0.0507244
0.051801
0.0495042
0.0509319
0.050784
0.055287
0.0594215
0.0494677
0.0505385
0.0497225
0.0514338
0.0490577
0.0491903
0.0501643
0.0461307
0.0486571
0.0468273
0.0445916
0.0450072
0.0447153
0.0454874
0.0432177
0.050939
0.0440388
0.0421994
0.0422256
0.041923
0.0424103
0.0434546
0.0413595
0.0406918
0.0406126
0.0432214
0.0422916
0.0377836
0.0380932
0.0365695
0.0348365
0.0350058
0.0337878
0.0335239
0.0343146
0.0348452
0.0364113
0.0382095
0.0379984
0.037298
0.0325057
0.034025
0.0337357
0.0353174
0.0358919
0.0332326
0.0315842
0.0351408
0.0302553
0.0320646
0.0330739
0.033158
0.0345707
0.0354289
0.0372978
0.043689
0.041768
0.0344155
0.0351918
0.0359043
0.0307186
0.0315037
0.0298457
0.0346327
0.039329
0.0365302
0.0322333
0.0425274
0.0273966
0.0314044
0.0334744
0.0356446
0.0298326
0.0270109
0.0300388
0.0400101
0.038268
0.0375901
0.0342783
0.0420041
0.0335247
0.0342299
0.0410466
0.045551
0.0372699
0.031156
0.0330704
0.0354356
0.0561062
0.0397044
0.037384
0.0375864
0.0513722
0.0395516
0.0451064
0.0485253
0.0381402
0.043476
0.0476207
0.0344959
0.0377175
0.0375998
0.0321741
0.0341082
0.0311195
0.0261682
0.0325695
0.0349425
0.0374906
0.0355567
0.0324008
0.0296617
0.0346048
0.0339547
0.0370731
0.0303573
0.0305754
0.0332654
0.033949
0.0314113
0.0303756
0.0309548
0.032621
0.0307997
0.0313374
0.0348485
0.0358843
0.0335828
0.0304731
0.0314477
0.030965
0.0353964
0.0331232
0.0319195
0.0324543
0.0312567
0.0301477
0.0327492
0.0400955
0.0483144
0.0371604
0.0424099
0.0427586
0.0385117
0.0863483
0.062115
0.0570459
0.0447192
0.0423858
0.0443937
0.0430271
0.0538138
0.04478
0.0490289
0.0479804
0.0479141
0.0515261
0.0494329
0.0538728
0.0514208
0.0685891
0.0769717
0.0656954
0.0666499
0.059149
0.0945202
0.0977481
