1341846226.81793 -0 -0 -0 0 0 0 1
1341846226.85033 0.00769201847 0.000452117842 0.00467100543 0.000902587334 -0.00117339765 -0.00157986595 0.999997656
1341846226.88191 0.00591718236 0.00159190305 0.00271460125 0.00136197301 0.000681512693 -0.00299102759 0.999994367
1341846226.918 0.00191354242 -0.0015073414 0.00243239806 8.23826903e-05 -0.000131580885 -0.00258966034 0.999996635
1341846226.95001 0.00288212553 -0.00458789618 0.00590165751 0.000749964601 -0.00248282165 -0.00234736821 0.999993881
1341846226.98599 0.00565442438 -0.000308315711 0.00325349051 0.00335166341 -0.00379043906 -0.00291435717 0.999982953
1341846227.01793 0.00392284419 0.00109218305 0.00109129678 0.0029977512 -0.00408311792 -0.00356250155 0.999980825
1341846227.05006 0.00361292396 -0.00370288469 0.00288383619 0.00221537014 -0.00439272165 -0.00452053581 0.99997768
1341846227.08599 0.00534346338 -0.0012380842 0.00328839252 0.00344477464 -0.00449888362 -0.00493458815 0.999971771
1341846227.11806 0.0060284141 -0.0018556183 0.0039110097 0.00366667743 -0.00452508382 -0.00492739432 0.9999709
1341846227.14994 0.00682814622 -0.00313485276 0.00449859874 0.00399529135 -0.00486188917 -0.00504490408 0.999967474
1341846227.18606 0.00677908737 0.000361110523 0.00315308857 0.00409874928 -0.00608856731 -0.00564667694 0.999957121
1341846227.21888 0.010651331 -0.000966539531 0.00698758438 0.00304224109 -0.00692441713 -0.00692493469 0.99994742
1341846227.25395 0.0122527492 -0.0048405462 0.00644408334 0.00379889881 -0.00669856739 -0.00889025025 0.999930828
1341846227.28599 0.00876006594 -0.00466255085 0.00384751315 0.00491133927 -0.00694947616 -0.00980324516 0.999915736
1341846227.32008 0.00739543086 -0.0030002048 0.00173018896 0.00541426788 -0.00865326082 -0.0113993646 0.999882924
1341846227.35399 0.00786492508 -0.00430740631 0.00288249482 0.00553117952 -0.0103928361 -0.0134764926 0.999839877
1341846227.38585 0.00307661841 -0.000800977611 -0.00224327287 0.00525342512 -0.0120075318 -0.0148250626 0.9998042
1341846227.41802 -0.00109184557 0.000339367172 -0.00545266911 0.00393131532 -0.0149200063 -0.0169440026 0.999737385
1341846227.45402 0.00447308227 0.000714531212 -0.00173556793 0.00294243513 -0.0182012761 -0.0206914792 0.999615885
1341846227.48599 0.00660294039 0.00164440692 0.000661949051 0.0024598485 -0.0195600939 -0.0237155315 0.99952435
1341846227.52198 0.00412683112 -0.00187561939 -0.00199017753 0.00197582699 -0.0208669463 -0.0238256282 0.999496376
1341846227.55399 0.00523135385 -0.00475552893 0.00218321045 0.00345000373 -0.023429761 -0.0243573776 0.999422764
1341846227.58605 0.00686110763 -0.00155339632 0.00133014723 0.00528083601 -0.0237731072 -0.0276899648 0.999319878
1341846227.62209 0.00799984975 -0.00158863201 0.00123643846 0.00448961424 -0.0231376255 -0.0311919686 0.999235485
1341846227.65399 0.00675417585 -0.00858277577 0.00366029182 0.00349595064 -0.0234689 -0.0304104073 0.999255821
1341846227.68608 0.0129028125 -0.0129141686 0.00458600047 0.00638977209 -0.0251746502 -0.0302929636 0.999203555
1341846227.72197 0.0172190751 -0.00873876078 0.00434140037 0.00912469025 -0.0233439242 -0.0314778885 0.999190144
1341846227.75414 0.0173303808 -0.0130888271 0.00498887239 0.00947165887 -0.0204833494 -0.0313459494 0.999253797
1341846227.79026 0.0154206759 -0.0134683276 0.00311633475 0.0107733161 -0.0182734012 -0.0301750706 0.99931951
1341846227.82193 0.0178793797 -0.0111520496 0.00404311506 0.0116917886 -0.0166819389 -0.0293918492 0.999360363
1341846227.85428 0.0195981213 -0.0121483221 0.003537243 0.0118503421 -0.0148669576 -0.0294305171 0.999386005
1341846227.88994 0.0181525832 -0.013043768 0.00319595364 0.0121649182 -0.012978438 -0.0289470822 0.999422654
1341846227.92198 0.018476394 -0.0144796069 0.00264621551 0.0119803563 -0.0121908316 -0.0277433038 0.999468941
1341846227.95813 0.0227718126 -0.0122580679 0.00576089207 0.0124166162 -0.0112202415 -0.0284329171 0.999455603
1341846227.98999 0.0255011805 -0.0107497085 0.0044374204 0.0115777887 -0.00931743324 -0.0297222377 0.999447712
1341846228.02194 0.0239274899 -0.0214033223 0.00733591805 0.0103209827 -0.00849095842 -0.029079791 0.999487742
1341846228.05823 0.0263669238 -0.0200608359 0.00731854567 0.0131434875 -0.00874031124 -0.0277475493 0.999490335
1341846228.0901 0.0284597568 -0.00851207288 0.00373681762 0.0141162839 -0.00738524902 -0.0291164431 0.999449059
1341846228.12185 0.0254136263 -0.0101227786 0.00436072978 0.0102610024 -0.00498213311 -0.0272667668 0.999563111
1341846228.15788 0.0212876463 -0.0118782194 0.004793446 0.00793795043 -0.00470399182 -0.0237900622 0.999674394
1341846228.18988 0.0268522348 -0.00651357038 0.00549240399 0.00629543319 -0.00608218562 -0.0220433091 0.999718694
1341846228.226 0.0274304306 -0.0114570553 0.0079552321 0.00401869076 -0.00613069473 -0.0230323535 0.999707845
1341846228.25835 0.02737865 -0.0174227307 0.00895544636 0.00396524084 -0.00694999982 -0.0235318535 0.999691065
1341846228.28995 0.0284831798 -0.0175527197 0.00752213653 0.00458856647 -0.00743477305 -0.0226352027 0.999705615
1341846228.32603 0.0347715763 -0.0166560761 0.010660904 0.00517295323 -0.00754771578 -0.0222034033 0.999711599
1341846228.35825 0.0343415722 -0.0162727 0.00906936132 0.00549246014 -0.00557488014 -0.0220560225 0.999726105
1341846228.38982 0.0312068116 -0.0156924321 0.00874672605 0.00520374386 -0.00479575711 -0.0214490619 0.999744897
1341846228.42609 0.0400774571 -0.0176408753 0.0132363944 0.00547915909 -0.00532787279 -0.0210629803 0.99974894
1341846228.44197 0.0377572972 -0.0185291576 0.00798871867 0.00626515537 -0.00283218353 -0.0208772495 0.999758404
1341846228.49392 0.0331953665 -0.016718964 0.00410419427 0.00570647496 -0.00204389173 -0.0203970797 0.999773583
1341846228.52594 0.0326994759 -0.0168438184 0.00689057815 0.00508056501 -0.00286948197 -0.0196617369 0.999789663
1341846228.55822 0.0403329204 -0.0186903579 0.00772252912 0.00493794742 -0.0034456299 -0.0187897757 0.999805325
1341846228.59392 0.0348985219 -0.0187928654 0.00621820297 0.00522451027 -0.00221647338 -0.0179300136 0.999823138
1341846228.62603 0.0295860024 -0.0170350931 0.00319468738 0.00522471698 -0.00295149547 -0.017340216 0.99983164
1341846228.65849 0.0339210949 -0.0141621639 0.00547525527 0.00475586134 -0.0046385106 -0.0164647584 0.999842376
1341846228.69395 0.0380345202 -0.0132702716 0.00732042689 0.00398538774 -0.00429989022 -0.0173942187 0.99983152
1341846228.72643 0.040194776 -0.0159788414 0.0059131048 0.00298181861 -0.00336970234 -0.0171924094 0.999842075
1341846228.7621 0.0377755071 -0.0199401085 0.00601300635 0.0024602726 -0.00310352625 -0.0152045869 0.99987656
1341846228.79401 0.0422090784 -0.0232502532 0.00730417753 0.00302833005 -0.00437367272 -0.0134283863 0.999895684
1341846228.82594 0.0450906044 -0.0203933566 0.00499855509 0.00419842968 -0.00422045489 -0.0132217126 0.999894868
1341846228.86204 0.0401037323 -0.020397499 0.00246869802 0.00429082626 -0.00350577858 -0.0119068575 0.999913759
1341846228.89387 0.0397853359 -0.0210438869 0.00228633791 0.00461543606 -0.00460500797 -0.0112827186 0.999915092
1341846228.92683 0.0432487041 -0.0176848633 0.00266252359 0.00516313171 -0.00485987093 -0.0118118327 0.999905098
1341846228.96195 0.0414512087 -0.0178762995 0.0018888964 0.0047664944 -0.00389780299 -0.0119708392 0.999909389
1341846228.99434 0.043399332 -0.0185675787 0.00135936036 0.00372521282 -0.00416223662 -0.0111698909 0.999922013
1341846229.0299 0.0446768503 -0.0217893469 0.00651906439 0.00339279595 -0.00449492147 -0.0111052521 0.999922476
1341846229.06187 0.0472501769 -0.0214893613 0.00715939137 0.00469543949 -0.00448061359 -0.0105505621 0.999923278
1341846229.09485 0.050213368 -0.0239067545 0.000100511351 0.00434402905 -0.00427076693 -0.0094135935 0.999937135
1341846229.12994 0.0500220086 -0.0246313849 -0.00155755793 0.00367224172 -0.00371489862 -0.00890323219 0.999946722
1341846229.1619 0.048787731 -0.0270472661 -0.00169308336 0.00292688333 -0.00306355747 -0.00955078266 0.999945414
1341846229.19789 0.0463641762 -0.0305334375 -0.00227373787 0.00270356627 -0.00273706637 -0.00955392395 0.999946959
1341846229.22982 0.0477527888 -0.0330904922 -0.001316374 0.00358837586 -0.00355745312 -0.0089889394 0.999946832
1341846229.262 0.0466266425 -0.0295836855 -0.00339062446 0.00517165233 -0.00370890203 -0.0101852844 0.999927876
1341846229.29792 0.0462005168 -0.0269651206 -0.00256002254 0.00563722849 -0.00394867339 -0.0110676615 0.999915065
1341846229.33004 0.0451488511 -0.0292908198 -0.00498466745 0.00520446911 -0.00439922407 -0.011687524 0.999908477
1341846229.362 0.0457988829 -0.0311159258 -0.0013574184 0.00511876183 -0.00521399762 -0.010848792 0.999914454
1341846229.39806 0.0493699619 -0.038885333 0.000122203607 0.00645877262 -0.00517311459 -0.0108078756 0.999907352
1341846229.43019 0.0437962755 -0.0295926985 -0.00209358516 0.0105086199 -0.00465778519 -0.0104904855 0.999878904
1341846229.47198 0.0463642025 -0.0262187349 -0.00065458746 0.0116573954 -0.00521902941 -0.0101601502 0.99986681
1341846229.48517 0.0477091868 -0.0302682694 0.00150212354 0.012128927 -0.00478724024 -0.00951590433 0.999869701
1341846229.53016 0.045820933 -0.0271132369 -0.00255659372 0.0132733048 -0.00426950781 -0.00832593796 0.999868126
1341846229.56607 0.0470200923 -0.0308706517 -3.91562308e-05 0.0129383466 -0.00448085704 -0.00660022573 0.999884472
1341846229.58207 0.053662342 -0.0328170665 0.00288592074 0.0147427582 -0.00465489959 -0.0045092393 0.999870316
1341846229.63007 0.0459246411 -0.0260109851 -0.00200716354 0.0169964636 -0.00201378979 -0.00378746448 0.999846348
1341846229.66595 0.0470909456 -0.0316477542 -0.00703861043 0.0154771651 -0.00205052421 -0.00253977067 0.999874893
1341846229.69816 0.0528987645 -0.0393469621 -0.0015256388 0.0153965648 -0.00248272424 -0.00109438376 0.999877785
1341846229.7341 0.0538800461 -0.038850844 -0.00191806498 0.018626094 -0.00106742173 -0.000486996086 0.999825831
1341846229.7662 0.0482569628 -0.0328991132 -0.0112319634 0.0199682095 0.00109061435 -0.000930689779 0.999799587
1341846229.79802 0.0460155436 -0.0340242739 -0.0114439904 0.0176879855 0.00142851566 -0.00123130661 0.999841777
1341846229.83387 0.0507470187 -0.0392169906 -0.00421855431 0.0171282957 0.00107970449 -0.0011044648 0.999852107
1341846229.86593 0.0527934044 -0.0382616187 -0.00356420696 0.0187806112 0.00170172867 -0.00163577679 0.999820842
1341846229.89793 0.0503909997 -0.0317944037 -0.00741450808 0.0192890684 0.00231610761 -0.00238689017 0.999808417
1341846229.93988 0.0489773515 -0.0289627533 -0.00622251444 0.0175776614 0.00258539632 -0.00263487521 0.999838686
1341846229.95293 0.0501566994 -0.0303101569 -0.00667314232 0.016467024 0.00332086793 -0.00214928246 0.999856584
1341846230.00207 0.0433387169 -0.0241712715 -0.010680682 0.0152507595 0.00461089309 -0.00409260792 0.999864693
1341846230.03388 0.0456108796 -0.0222435422 -0.00313395409 0.0129464846 0.00401646364 -0.00487348439 0.999896247
1341846230.06595 0.0492582077 -0.0261002674 -0.000745225353 0.0122973118 0.00418596072 -0.00365758542 0.999908934
1341846230.10389 0.04767922 -0.0223662614 -0.000913106424 0.0127736818 0.00531311575 -0.00321979675 0.999899113
1341846230.14526 0.0461575986 -0.0214096745 -0.0036799422 0.0118606039 0.00565762961 -0.00284185739 0.999909616
1341846230.17346 0.0521138364 -0.0266751703 0.000888498968 0.010900103 0.00521701999 -0.000720129156 0.999926723
1341846230.20928 0.0501416252 -0.0249356027 -0.00228011177 0.0119781563 0.00603030039 -0.000193523491 0.999910057
1341846230.27199 0.0507969018 -0.0299752553 -0.00227319462 0.0101955451 0.00594759247 0.000659407822 0.999930119
1341846230.28716 0.0521305724 -0.0298855384 0.000520715697 0.0127228753 0.00593342809 0.0021843017 0.999899071
1341846230.33406 0.0545742848 -0.0289284777 -0.000335098404 0.0145937395 0.00610833706 0.00217059398 0.999872492
1341846230.3703 0.0550386285 -0.0303787296 -0.000208815337 0.0163985658 0.00704292703 0.00104444721 0.999840184
1341846230.40194 0.0575114953 -0.0266569993 0.00511498186 0.019031247 0.00768276201 0.000255844362 0.999789338
1341846230.43829 0.0560423675 -0.0305261541 0.000826412759 0.0200918861 0.0083493115 -0.000921915987 0.999762849
1341846230.46993 0.0551722675 -0.0280481212 -0.000856083723 0.0217896123 0.00896554841 -0.00178106029 0.999720791
1341846230.50194 0.0508389348 -0.0233927904 -0.00609130037 0.0220624347 0.00965822216 -0.00338474279 0.999704212
1341846230.53784 0.0497701057 -0.0315278801 -0.00719972567 0.0203774771 0.00923051455 -0.00338084095 0.99974403
1341846230.56981 0.0555508924 -0.0266910257 -0.001860602 0.022801027 0.00792415015 -0.00267816387 0.999705031
1341846230.60195 0.0576635231 -0.0272562186 0.00065021819 0.0243683166 0.00679092691 -0.00236283926 0.999677191
1341846230.63784 0.0616112718 -0.029616319 0.00100096594 0.025087634 0.00582258782 -0.00180166037 0.999666676
1341846230.67007 0.0587399802 -0.0233486016 -0.00791759449 0.0252276762 0.00578466554 -0.00303453359 0.999660389
1341846230.70594 0.0630411045 -0.0287012339 -0.00249475384 0.0236135808 0.0044473891 -0.0034951805 0.999705158
1341846230.73794 0.0700112074 -0.0260931621 0.00269414103 0.0252811001 0.0033168873 -0.00267760797 0.999671293
1341846230.76999 0.0740480539 -0.0265352586 0.00410394988 0.0261417317 0.00245862999 -0.00151765443 0.999654071
1341846230.80586 0.0549545922 -0.0327679295 -0.00800700775 0.025360297 0.00465169057 -0.00323183262 0.999662329
1341846230.83784 0.0698635075 -0.0278572638 -3.98498165e-05 0.0262607551 0.00221491819 -0.00276723649 0.999648843
1341846230.86984 0.0756031852 -0.0281289189 0.00414214889 0.0272393848 0.00189663274 -0.00339177696 0.999621386
1341846230.90586 0.056539777 -0.0320146412 -0.00892222205 0.0270448355 0.00406655245 -0.00370383362 0.999619088
1341846230.93792 0.0543977536 -0.0314314429 -0.0081789785 0.0269498123 0.00338348646 -0.00473227796 0.99961986
1341846230.97396 0.0588026929 -0.0383588927 -0.00402571169 0.0268604271 0.00218584697 -0.00381538211 0.999629523
1341846231.00606 0.0609349014 -0.0323470552 -0.00570233741 0.028891915 0.00188628856 -0.00299906042 0.999576263
1341846231.03794 0.0580440193 -0.0327778792 -0.00882355883 0.0288275346 0.0015431995 -0.00379782832 0.999575994
1341846231.07434 0.0552877683 -0.0345759145 -0.00541260194 0.028408655 0.00153696624 -0.00464258414 0.99958443
1341846231.10609 0.0537996808 -0.0395064209 -0.00235449649 0.0290668448 0.00130626662 -0.0034408236 0.999570694
1341846231.13809 0.0586264342 -0.0417998194 -0.00886819775 0.0297813138 2.99542258e-05 -0.00351210349 0.999550268
1341846231.17405 0.0578562646 -0.0399950918 -0.00674026381 0.0302043807 -0.000184590822 -0.0042169941 0.999534831
1341846231.20592 0.0585775035 -0.0417840022 -0.00575453071 0.0308756745 -0.000401956151 -0.00501606966 0.999510565
1341846231.24188 0.059950264 -0.0402512906 -0.0111643779 0.032015052 -0.000424019687 -0.00418698172 0.999478527
1341846231.27385 0.0587782439 -0.0415279474 -0.00766984119 0.0319252873 -0.000570651034 -0.00471223675 0.999478987
1341846231.3059 0.0575073117 -0.0398330507 -0.00815245739 0.0335761697 -0.000622465508 -0.00416106191 0.999427305
1341846231.34193 0.0671018938 -0.0344207658 -0.00617327986 0.0341184343 -0.00238063426 -0.0033166637 0.999409458
1341846231.3581 0.0601286175 -0.0345211944 -0.00889176332 0.0324597172 -0.00184175172 -0.00401254962 0.999463293
1341846231.41004 0.0559180078 -0.0401245869 -0.0126876544 0.0308356105 -0.00116503789 -0.00510658392 0.999510746
1341846231.44212 0.054898542 -0.0390079651 -0.011234539 0.0309316576 -0.00137564568 -0.00374533209 0.999513538
1341846231.48426 0.0532233079 -0.0405434791 -0.0122588392 0.0308207569 -0.00233363056 -0.0026950276 0.99951857
1341846231.51683 0.0586320633 -0.0365135553 -0.0152076659 0.0302464157 -0.00324308562 -0.00376934319 0.999530104
1341846231.54786 0.0592425287 -0.0350657654 -0.015806817 0.0284221274 -0.00188294706 -0.00562298257 0.999578421
1341846231.58391 0.057446827 -0.035366987 -0.0167391228 0.0251304809 0.000103903054 -0.00756315124 0.999655564
1341846231.616 0.0574726953 -0.0430621747 -0.010598382 0.0228240297 0.00195621854 -0.0110745672 0.999676243
1341846231.64931 0.0484465149 -0.050581741 -0.00265367173 0.0235286812 0.00298928955 -0.0125644812 0.999639735
1341846231.68384 0.0565348081 -0.0538847849 -0.000386111299 0.0282011195 -3.64151566e-06 -0.0135351538 0.999510628
1341846231.71654 0.0543445113 -0.057107347 0.000106447851 0.0343320566 -0.000384097083 -0.0127955518 0.999328493
1341846231.74785 0.0543990526 -0.0515089846 -0.00819607418 0.0387262464 -0.0019100041 -0.0126134836 0.999168419
1341846231.784 0.0530424508 -0.047190265 -0.0116923618 0.0397739471 -0.00249601966 -0.0131785941 0.999118675
1341846231.81706 0.0567356076 -0.0450872338 -0.00716336931 0.0397423978 -0.00322415202 -0.0130907307 0.999119002
1341846231.85232 0.0552086823 -0.0448728075 -0.0114193559 0.0390486793 -0.00347974532 -0.0125861083 0.999151981
1341846231.89687 0.0515794867 -0.0365628255 -0.011538766 0.0377656456 -0.00407712135 -0.0127336221 0.999197172
1341846231.90987 0.0559548962 -0.0379185009 -0.00612488854 0.0362981983 -0.00587179572 -0.0110710673 0.999262425
1341846231.94584 0.056046656 -0.0442372134 -0.00799809781 0.0355078572 -0.00663194114 -0.00985266766 0.999298821
1341846231.97803 0.0538521423 -0.0432463906 -0.0100699062 0.035487837 -0.00640315205 -0.0105135659 0.99929429
1341846232.00998 0.0537600678 -0.0430263878 -0.00720554358 0.0342017141 -0.00701294155 -0.010007258 0.99934024
1341846232.04586 0.0535305747 -0.0501595993 -0.00461204899 0.0328710192 -0.00845238388 -0.00871436954 0.999385868
1341846232.07797 0.0548007796 -0.0462941808 -0.00537446979 0.0338476531 -0.00983457112 -0.00824253845 0.999344624
1341846232.1099 0.0566207688 -0.0461675045 -0.00893732954 0.0337776461 -0.0104490082 -0.0090134633 0.999334101
1341846232.14601 0.0571588674 -0.0451584846 -0.010928251 0.0334221958 -0.0103753275 -0.0101026139 0.999336403
1341846232.17832 0.056366702 -0.0459285767 -0.0100263511 0.0327981427 -0.00995470211 -0.0102517244 0.999359839
1341846232.21596 0.0563045857 -0.0481630029 -0.00694759972 0.0331419576 -0.00967323117 -0.0101180527 0.999352623
1341846232.25205 0.0585751785 -0.0472781598 -0.00702697707 0.034521005 -0.00982480066 -0.00808681045 0.999322959
1341846232.28395 0.0583597411 -0.0476787853 -0.00745485099 0.034827282 -0.0101216132 -0.0064511409 0.999321268
1341846232.32027 0.064299682 -0.0464054261 -0.00683557274 0.0344886319 -0.0107369473 -0.00522694285 0.999333744
1341846232.35186 0.0685567496 -0.0421773906 -0.00530100853 0.0334073291 -0.0105982183 -0.00548685606 0.999370563
1341846232.38389 0.0681942559 -0.0423016022 -0.00460158613 0.0310193056 -0.0106403238 -0.00770963822 0.999432413
1341846232.41981 0.0586532495 -0.047527026 0.000429026695 0.0298762186 -0.0101980883 -0.00996403166 0.999451914
1341846232.45179 0.0601220798 -0.0508396551 -0.0011746457 0.030470696 -0.0108162823 -0.00995413684 0.999427566
1341846232.48418 0.0563123864 -0.0503403537 -0.00181555477 0.0315207047 -0.00990206891 -0.0102902446 0.999401073
1341846232.51991 0.0547395539 -0.0489671177 -0.00385590639 0.0325221529 -0.00997330556 -0.00974190645 0.999373773
1341846232.55189 0.0579446853 -0.0512427079 -0.00393109734 0.0326573462 -0.0107202147 -0.00943615864 0.999364565
1341846232.58386 0.0567065479 -0.0498401637 -0.00299714269 0.0343420767 -0.0100437612 -0.0100694071 0.999308937
1341846232.6198 0.0594516296 -0.0499777639 -0.00352770783 0.0361465619 -0.0098532865 -0.00919065921 0.999255658
1341846232.65185 0.0593437576 -0.0501931144 -0.00221514779 0.0372527445 -0.00945146268 -0.00910314676 0.999219713
1341846232.6884 0.0602215059 -0.0473580992 1.66919314e-05 0.0393219344 -0.00924803338 -0.00969379502 0.999136772
1341846232.71981 0.0614521915 -0.0493410015 -0.000562011811 0.0412282002 -0.00859867286 -0.00988317029 0.999063872
1341846232.75177 0.0607092951 -0.0500826225 -0.00142081372 0.0428653145 -0.00762955572 -0.0112952208 0.998987874
1341846232.7879 0.0604690299 -0.05049591 1.3213498e-05 0.0446765261 -0.00677365205 -0.0119387886 0.998907198
1341846232.82023 0.063954265 -0.0536230873 6.15203191e-05 0.0462736126 -0.00617837198 -0.0121629162 0.998835644
1341846232.85585 0.0606015114 -0.0535754824 -0.00253953029 0.0484439837 -0.00510211636 -0.0132007631 0.998725632
1341846232.88799 0.0605378145 -0.0498806792 -0.00243409215 0.0504023525 -0.00414827854 -0.0136460319 0.998627148
1341846232.91983 0.0597699723 -0.0532747434 -0.00415040201 0.0504569091 -0.00343945762 -0.0146230523 0.998613257
1341846232.956 0.060278853 -0.0523994115 -0.00338106183 0.0516345887 -0.00338924301 -0.0141739757 0.998559703
1341846232.98797 0.0560808324 -0.0488901273 -0.00758653775 0.0517794822 -0.00206626196 -0.0148918446 0.998545366
1341846233.02388 0.0606333765 -0.047218426 -0.00152461303 0.0504393562 -0.00086113115 -0.014689888 0.998618715
1341846233.0559 0.0615848036 -0.0494338462 -0.00661332411 0.0491452622 0.000544314215 -0.0149975265 0.998678888
1341846233.0883 0.0593905224 -0.0522059562 -0.00217213951 0.0481610588 0.00100555459 -0.0159362512 0.998711939
1341846233.12413 0.0619350474 -0.0555716454 0.00267380654 0.0484731954 5.3516217e-05 -0.0166512942 0.998685677
1341846233.15591 0.0582076303 -0.0595329166 0.00777847108 0.0502449244 -0.00068957507 -0.0171627026 0.998589212
1341846233.2182 0.0565569708 -0.0548873476 -0.00273723332 0.0546640367 -0.00130888055 -0.0197600745 0.998308404
1341846233.24994 0.0583209086 -0.0493352252 -0.00752673782 0.054184 -0.00142135196 -0.0216553749 0.998295106
1341846233.28602 0.0588099351 -0.0547463957 -0.000425610872 0.052577983 -0.00120014985 -0.0228769898 0.998354025
1341846233.31788 0.0575128178 -0.0558594324 0.00409982745 0.0531224741 6.73271067e-06 -0.0226490953 0.998331118
1341846233.34987 0.0578639562 -0.0571036729 -0.00081989452 0.0537074782 0.000386118971 -0.021506559 0.99832501
1341846233.38587 0.0593541173 -0.0551877208 -0.00355640092 0.0540950087 -0.000478290335 -0.0209724872 0.998315409
1341846233.41801 0.0623834217 -0.0569833996 -0.00240046549 0.0537626615 -0.00151035958 -0.0198745252 0.998354796
1341846233.45383 0.0608341882 -0.0588801942 0.00285862915 0.0542153869 -0.00217086507 -0.0193600152 0.998339205
1341846233.48593 0.0591391533 -0.0560833097 0.00316535496 0.05582008 -0.00278321263 -0.0208839987 0.998218529
1341846233.51797 0.0553660558 -0.0579587301 0.000991708757 0.0551602621 -0.00310209813 -0.0223291548 0.998222987
1341846233.55391 0.0593065211 -0.0591016308 0.00432839791 0.054981707 -0.00475998531 -0.0218947721 0.998235931
1341846233.58597 0.0633409057 -0.0636185288 0.00342068479 0.0558824811 -0.00610900194 -0.0206449175 0.998205197
1341846233.62192 0.06282735 -0.0584432178 0.00573074109 0.057686003 -0.00589092444 -0.0211746985 0.998092808
1341846233.6544 0.0638773348 -0.0582590284 -0.000856807078 0.0574247727 -0.00497834369 -0.0216097808 0.998103516
1341846233.68586 0.0595544815 -0.055910716 0.00265729633 0.0567085177 -0.003344288 -0.0222912344 0.998136294
1341846233.7219 0.05784515 -0.0571672545 0.00162647988 0.0557566566 -0.00270998486 -0.0224221763 0.998188909
1341846233.75397 0.0657040235 -0.0589090718 -0.000143253151 0.0552096095 -0.00345292067 -0.0213264172 0.998241033
1341846233.77 0.0636507069 -0.0545216848 0.000858985611 0.0550120729 -0.00255835039 -0.0204897903 0.998272155
1341846233.82202 0.068353087 -0.056589171 -0.00125270152 0.0539962991 -0.00250373325 -0.0194856982 0.998347854
1341846233.85398 0.0671251008 -0.0555260646 -9.59920973e-05 0.0531865259 -0.00229175011 -0.0194016023 0.998393469
1341846233.88993 0.0614253086 -0.0554155891 0.000269951883 0.0523212595 -0.00170273228 -0.0202696323 0.998423121
1341846233.92205 0.0594892692 -0.0561829331 0.00355326837 0.0514572663 -0.00217397575 -0.0211688317 0.998448448
1341846233.95397 0.0597954496 -0.0560860205 0.0022210446 0.0509574646 -0.0032171561 -0.020571187 0.998483757
1341846233.98997 0.0593590487 -0.0550855521 0.00223192364 0.0507955648 -0.00424331234 -0.0208545884 0.998482294
1341846234.02194 0.0615854054 -0.0530769992 -0.000843284185 0.0501357597 -0.00503770382 -0.0209722385 0.998509485
1341846234.05391 0.0647535906 -0.0584131555 -8.78925047e-05 0.0489603297 -0.00529943814 -0.0208739036 0.998568517
1341846234.08993 0.0659262853 -0.0549666104 0.0015145192 0.0493117635 -0.00497219122 -0.0213585423 0.998542658
1341846234.10597 0.0667260776 -0.0563510502 -0.000304904303 0.0486295586 -0.00472556482 -0.0212206975 0.998580251
1341846234.15811 0.0674230167 -0.0592293098 0.00226836194 0.0483673587 -0.0049875741 -0.0207559433 0.998601479
1341846234.19006 0.0707089584 -0.0579672594 0.00529970182 0.0496025034 -0.00521703888 -0.0198888151 0.998557364
1341846234.22215 0.0708725471 -0.05339386 0.00353798067 0.0498018209 -0.00467274247 -0.0200291405 0.998547334
1341846234.25788 0.0713883739 -0.0565058911 0.00278805039 0.0480643848 -0.00435277778 -0.0192503063 0.998649235
1341846234.28983 0.0691541199 -0.0586466038 0.00391140459 0.0475668648 -0.00307967137 -0.0195225349 0.998672509
1341846234.322 0.0687788328 -0.0585497288 0.00555453102 0.0484976797 -0.00219034007 -0.0205309662 0.998609862
1341846234.35791 0.0738478334 -0.0544760561 0.00841677698 0.0495394965 -0.00314684064 -0.021607155 0.998533458
1341846234.38992 0.0682531115 -0.0582597769 0.00746387729 0.0494448373 -0.00312576646 -0.02091496 0.998552954
1341846234.42593 0.0746750146 -0.0568644492 0.0106450938 0.0509240969 -0.00479875481 -0.0191507945 0.998507364
1341846234.45822 0.083307233 -0.0540125649 0.00798474625 0.0505790285 -0.00622230346 -0.0183204623 0.998532626
1341846234.49002 0.0741730148 -0.0500290374 0.00359325467 0.0484126573 -0.00540761115 -0.0191727968 0.998628748
1341846234.52587 0.0755629415 -0.0544444397 0.00821649037 0.0470206635 -0.00564983689 -0.0182295328 0.99871158
1341846234.55797 0.0756554755 -0.0570681674 0.00757278376 0.0461054393 -0.00572929471 -0.0173771946 0.998768991
1341846234.59418 0.0757450937 -0.057145191 0.00679126052 0.0444470447 -0.0064540406 -0.0158558749 0.998865054
1341846234.64231 0.0749196986 -0.0569173943 0.00971462611 0.0439248 -0.00743025237 -0.0142068942 0.998906186
1341846234.65818 0.0749489466 -0.0567251196 0.00998963741 0.0435949515 -0.00859209108 -0.0136931988 0.998918491
1341846234.69415 0.0748624572 -0.0567363516 0.0104122178 0.0433747844 -0.00975720815 -0.0136309344 0.998918226
1341846234.72594 0.0744752138 -0.0564077039 0.0127055692 0.0437797211 -0.011343929 -0.0124394073 0.998899351
1341846234.75865 0.0747731485 -0.0567234769 0.0106812242 0.0447065217 -0.0121135767 -0.0121228448 0.998853155
1341846234.79392 0.0757626319 -0.0571377939 0.00698877704 0.0438348226 -0.0121034058 -0.0128422361 0.998882923
1341846234.82611 0.0754840114 -0.0570168387 0.00838299825 0.043011836 -0.0119479755 -0.012881733 0.998920061
1341846234.86234 0.0744918378 -0.0568511958 0.0111548106 0.0432586649 -0.0121179841 -0.0121820218 0.998916133
1341846234.89398 0.0747596493 -0.0567820996 0.0112443007 0.0444413155 -0.0127743461 -0.0120800616 0.998857276
1341846234.92639 0.0752828184 -0.0568817335 0.00945222103 0.0451356301 -0.0128611243 -0.0131233733 0.998811866
1341846234.962 0.0744883603 -0.0568224017 0.0111123674 0.0455486884 -0.0128013557 -0.0138760475 0.998783709
1341846234.99413 0.0753339149 -0.0566928939 0.010410872 0.0460642576 -0.0135054451 -0.0143927073 0.998743479
1341846235.02647 0.0751926889 -0.056735229 0.00856560921 0.0446548769 -0.0141014258 -0.0152220316 0.998786955
1341846235.06193 0.0752740043 -0.0578882435 0.00867103552 0.0429490338 -0.0139382871 -0.0157377404 0.99885606
1341846235.09408 0.0745610747 -0.0575262754 0.0112798654 0.0421984294 -0.0136145293 -0.0154660593 0.998896761
1341846235.13008 0.0738495254 -0.0569535939 0.0129039786 0.0430248554 -0.0141892734 -0.014949659 0.998861369
1341846235.16247 0.0744655733 -0.0569413696 0.0102041369 0.0439539682 -0.015537384 -0.0140385051 0.998814076
1341846235.19393 0.0749497371 -0.0540861836 0.0113010308 0.0452889278 -0.016200786 -0.0143641862 0.998739264
1341846235.22995 0.0756695137 -0.0538256684 0.0104947156 0.0461640852 -0.0158403872 -0.0148570831 0.998697765
1341846235.26183 0.0747801778 -0.0538171212 0.0120713116 0.0464791735 -0.0159696436 -0.0151729863 0.998676343
1341846235.29414 0.074814409 -0.0539707471 0.0110486109 0.0474073142 -0.016250209 -0.0159336698 0.99861634
1341846235.32991 0.0755400412 -0.0542233732 0.00916280267 0.0473476932 -0.0162423535 -0.0173432447 0.998595811
1341846235.36198 0.0761401456 -0.0541864631 0.00685206673 0.0454337919 -0.0155530815 -0.0193959573 0.998657934
1341846235.39811 0.0755155412 -0.0538594654 0.0100088498 0.0431931229 -0.0152730655 -0.0209196154 0.998730923
1341846235.41403 0.0755198192 -0.0529559233 0.0100109967 0.0434059048 -0.0153585734 -0.0206740132 0.998725501
1341846235.46246 0.0777591007 -0.0492961081 0.0115753166 0.0442558289 -0.0158819202 -0.0210931831 0.998671249
1341846235.49815 0.0772969929 -0.0440754303 0.0113818328 0.0439867042 -0.0155328562 -0.0231464175 0.998643151
1341846235.53005 0.0747764236 -0.0530551549 0.0107748979 0.0418070264 -0.0155829421 -0.0238715964 0.998718925
1341846235.56193 0.0747067048 -0.0537890343 0.0121398967 0.0429882381 -0.0159686644 -0.0237930417 0.99866456
1341846235.59796 0.0751979106 -0.0539402686 0.0106687548 0.0431676008 -0.0161786102 -0.024132319 0.998645303
1341846235.63017 0.0749531198 -0.0538754585 0.0113522448 0.042018205 -0.0165814563 -0.0246243102 0.998675708
1341846235.66775 0.0743235757 -0.0537671484 0.0131270529 0.0430589063 -0.0171179843 -0.0242814203 0.998630721
1341846235.70307 0.0750996601 -0.054085498 0.0105692589 0.0443485535 -0.0174858418 -0.024727248 0.998556966
1341846235.73042 0.0754266736 -0.0540513974 0.0103200367 0.0446001532 -0.0173791813 -0.0258077346 0.998520281
1341846235.76604 0.0744525951 -0.0538681222 0.0125642243 0.0460293044 -0.0172303024 -0.0263819786 0.998442993
1341846235.79795 0.07482811 -0.0538895252 0.0112331706 0.0470507576 -0.0177252327 -0.026346944 0.998387641
1341846235.83397 0.074845181 -0.0539542826 0.0113372709 0.0474680446 -0.0175686832 -0.0261880925 0.998374834
1341846235.86604 0.0747599294 -0.0539737072 0.0114753342 0.0475278444 -0.0175789656 -0.0253219012 0.998394153
1341846235.89801 0.0746276054 -0.0540197004 0.0117432055 0.0479129276 -0.0173464386 -0.0239076929 0.998414681
1341846235.93411 0.0742739708 -0.0542408777 0.012448256 0.0499754515 -0.0166237366 -0.0229070836 0.998349323
1341846235.96594 0.0760791341 -0.0540757128 0.0096236457 0.0510699792 -0.0160524886 -0.022678231 0.998308506
1341846235.9979 0.0756676435 -0.0540675297 0.00918108942 0.0504420364 -0.0151154143 -0.0225861945 0.998357145
1341846236.03408 0.0755751594 -0.0534728495 0.00937237151 0.0511479418 -0.0140928763 -0.0222503671 0.998343728
1341846236.06586 0.0751159724 -0.054187807 0.00950599303 0.0523953016 -0.0135858029 -0.0220381217 0.998290779
1341846236.102 0.075651691 -0.0543505925 0.00832329968 0.0511913883 -0.0137724684 -0.022783489 0.998333949
1341846236.13456 0.0755887094 -0.0541790302 0.00834117235 0.0507066382 -0.0138550925 -0.0219574783 0.998376053
1341846236.16627 0.0755518486 -0.0544434531 0.0085255159 0.0513683257 -0.0138907551 -0.0214933195 0.998351831
1341846236.20203 0.0767242631 -0.0546756231 0.00493932176 0.050342486 -0.0134868248 -0.0222367844 0.998393342
1341846236.2339 0.0754575349 -0.0554841384 0.00515306042 0.048534981 -0.013206364 -0.022293582 0.998485325
1341846236.26594 0.074918567 -0.0557100695 0.00738851685 0.0485295931 -0.0129004115 -0.0211493964 0.998514477
1341846236.30202 0.0753913844 -0.0559103404 0.0060097632 0.0488412891 -0.0128607325 -0.0210575054 0.998501733
1341846236.33376 0.0758655686 -0.0559956068 0.00458786541 0.0487712881 -0.0126294253 -0.0214595713 0.998499547
1341846236.36996 0.0755908229 -0.0560846633 0.00482627765 0.0484378 -0.0119823707 -0.0218709233 0.99851483
1341846236.40197 0.0754266963 -0.0559240194 0.00543109531 0.0483372821 -0.0112751813 -0.0220829819 0.998523269
1341846236.43384 0.0761280891 -0.0546062554 0.00713154099 0.0487138774 -0.0111334326 -0.0226862596 0.998493034
1341846236.46996 0.0760317931 -0.0542750503 0.00761663351 0.0495290321 -0.0106977674 -0.022586808 0.998459949
1341846236.50196 0.0765760982 -0.0545673257 0.00588991444 0.0500327409 -0.0100050629 -0.0221193811 0.998452481
1341846236.53477 0.0756646991 -0.0559078542 0.00469929034 0.0487120346 -0.00952673607 -0.0210642689 0.99854528
1341846236.56998 0.0750777381 -0.0558537342 0.00652878053 0.0486158544 -0.00872465752 -0.0190478062 0.998597797
1341846236.60191 0.0764163276 -0.0544905159 0.0064245616 0.0495323316 -0.00847804418 -0.0177031605 0.998579626
1341846236.6379 0.0769318412 -0.055888221 0.0006174299 0.0481513415 -0.00764935253 -0.0187678274 0.99863442
1341846236.66984 0.0766774635 -0.0561005565 0.00156845956 0.0460704956 -0.00667955681 -0.0199723275 0.998716175
1341846236.70212 0.0828582091 -0.0596755245 0.00720804004 0.0457224719 -0.00631647278 -0.0198430845 0.998737107
1341846236.73855 0.0789312051 -0.0638762798 0.0116405345 0.0493811831 -0.00502353434 -0.0198815663 0.99856947
1341846236.76992 0.0740094435 -0.0629392013 0.00225081283 0.0587304679 -0.0059590802 -0.0163122689 0.998122804
1341846236.80621 0.0795666827 -0.0602513831 0.00689474282 0.0618338202 -0.00775067932 -0.0148167215 0.997946377
1341846236.84431 0.0790861337 -0.0641315713 0.00749716297 0.0609807958 -0.00740456627 -0.0163624548 0.997977347
1341846236.87658 0.0838559572 -0.0615371657 0.00295920231 0.0603275694 -0.00780516313 -0.0172239471 0.997999499
1341846236.91227 0.0828958439 -0.0612926291 0.00563413092 0.0572387347 -0.007753363 -0.019067858 0.9981483
1341846236.94451 0.0822829765 -0.0614465591 0.00865476163 0.0580961752 -0.00792042672 -0.0171083198 0.99813296
1341846236.97582 0.0826984191 -0.0613222016 0.00785007943 0.0606267714 -0.00822767352 -0.014465942 0.998021762
1341846237.01185 0.0782487505 -0.0560403343 0.000631142498 0.0591759194 -0.00658345909 -0.0179322286 0.998064779
1341846237.04386 0.0770696015 -0.0548731814 0.00469558056 0.0588574706 -0.00529445686 -0.0186197957 0.998078689
1341846237.07589 0.0762865228 -0.0549118028 0.00666060522 0.0595128152 -0.00541184079 -0.0169365127 0.998069182
1341846237.11189 0.0768805801 -0.0555616775 0.00468813332 0.0626156172 -0.00657193735 -0.0151032917 0.997901791
1341846237.14387 0.078111268 -0.0545675624 0.000856340789 0.0647699219 -0.00701981163 -0.0150361754 0.997762243
1341846237.17584 0.0789493197 -0.0564192106 -0.00184115453 0.0635512057 -0.00753461592 -0.0142785021 0.997847984
1341846237.21222 0.0834498667 -0.0598802108 0.0012215223 0.0611533032 -0.00790669194 -0.0140229558 0.997998554
1341846237.2439 0.0849862346 -0.0687528706 0.00406156342 0.0610148645 -0.00713086691 -0.0132003474 0.998024092
1341846237.28053 0.0811027738 -0.063419903 0.000340901594 0.0626844567 -0.0065263924 -0.0122020823 0.99793746
1341846237.31237 0.0814624558 -0.0619853828 0.00108565321 0.06230394 -0.00734941621 -0.0118306548 0.99796004
1341846237.34386 0.0826154006 -0.0625851376 0.00378019853 0.0625842599 -0.00760347239 -0.0106339236 0.997954066
1341846237.37999 0.082175149 -0.0596685023 0.00218605621 0.0626362398 -0.00710108061 -0.0103430338 0.997957563
1341846237.41197 0.077824468 -0.0586860803 -8.96750872e-05 0.0610873701 -0.00661245498 -0.0113003727 0.998046547
1341846237.44381 0.0760910273 -0.0615172162 -0.000553054482 0.0588798874 -0.00629308694 -0.0132326193 0.99815753
1341846237.47992 0.0775910187 -0.0604567523 -0.000805067867 0.0576871235 -0.00548752144 -0.0152649273 0.998202918
1341846237.51187 0.0781459315 -0.0563751452 0.000458657895 0.0567816752 -0.00592159423 -0.0152717597 0.998252247
1341846237.54792 0.0776972752 -0.0551467298 0.00165248207 0.0555036809 -0.00769584398 -0.0145302081 0.998323088
1341846237.57996 0.0777003781 -0.0553015612 0.00133926326 0.0548919127 -0.00849813133 -0.0139007202 0.998359369
1341846237.61187 0.0779311365 -0.0550317616 0.000889331449 0.0542911407 -0.00895113581 -0.0136028396 0.998392364
1341846237.64822 0.0773813044 -0.0551359845 0.00265193482 0.0537600236 -0.00940524337 -0.0135260193 0.998417973
1341846237.68048 0.0772954559 -0.0551947508 0.00283583405 0.0534285976 -0.0101090168 -0.0127108279 0.998439596
1341846237.71221 0.0774030882 -0.0551421332 0.00264761031 0.0540322775 -0.0109075601 -0.0116242312 0.998411947
1341846237.74789 0.0755813993 -0.0589817908 0.0030089212 0.0550665624 -0.0110424131 -0.0118886304 0.99835084
1341846237.77985 0.0750448824 -0.0570402709 0.000858633646 0.0556512029 -0.0112119305 -0.0121562788 0.998313308
1341846237.81594 0.0720561572 -0.0526368234 -0.00353840356 0.0551259904 -0.0118644273 -0.0111585542 0.998346557
1341846237.84799 0.0711641757 -0.0550651208 -0.000147486446 0.0533471031 -0.0128071841 -0.010193808 0.998441861
1341846237.87979 0.0725863063 -0.0552531964 -0.000767090123 0.0528796022 -0.0132625685 -0.0107723228 0.998454711
1341846237.91631 0.0771032862 -0.0564487037 0.000418756126 0.0515609354 -0.0145226633 -0.0105767743 0.998508234
1341846237.96299 0.0792129771 -0.0572067523 0.00226562453 0.0510313146 -0.0150252387 -0.0105710267 0.998528067
1341846237.97809 0.0774515992 -0.0563907563 -0.00147657526 0.0508066317 -0.0143867127 -0.010803813 0.998546437
1341846238.01009 0.077825262 -0.0532346305 -0.00218734216 0.0502490841 -0.0144886417 -0.0113107502 0.998567562
1341846238.046 0.0725604241 -0.052501446 -0.00185519695 0.0490233585 -0.0137730587 -0.0113972502 0.99863763
1341846238.07799 0.0734507843 -0.0548143003 -0.00213264869 0.0477285135 -0.0140704591 -0.0113607959 0.998696622
1341846238.10982 0.0750590618 -0.0557813526 0.000325373047 0.04761487 -0.0142035972 -0.011450025 0.998699143
1341846238.14584 0.0757565172 -0.0559807204 0.00465205006 0.04888072 -0.0139564704 -0.0116277454 0.998639418
1341846238.17795 0.0770350466 -0.0550555296 0.00089547604 0.0493962292 -0.0134299679 -0.0127105259 0.998608077
1341846238.20996 0.076425717 -0.0561909566 0.00263831407 0.0473296342 -0.0133295098 -0.0137392418 0.998695881
1341846238.24634 0.0760228624 -0.0562133936 0.00361960765 0.0471655501 -0.0131047672 -0.0133684578 0.99871165
1341846238.27847 0.0760016957 -0.0560682461 0.00369448491 0.0477999748 -0.0129093274 -0.0134235658 0.998683293
1341846238.33 0.0769075007 -0.0569570244 0.000989238051 0.047713912 -0.0124826267 -0.0144578403 0.998678395
1341846238.34595 0.0767791967 -0.0563826984 0.00169668718 0.0474818172 -0.0120151227 -0.0158228063 0.998674498
1341846238.37799 0.0760605024 -0.0573363992 0.0039928107 0.0484140148 -0.0122170586 -0.0151913862 0.998637095
1341846238.41389 0.0757968855 -0.0564178392 0.00422847662 0.0497645045 -0.013017801 -0.0149716998 0.998563908
1341846238.44605 0.0774447296 -0.0561015176 -0.000441100775 0.0499248289 -0.0132010591 -0.0163145582 0.998532463
1341846238.47823 0.0759606188 -0.0559071667 0.00388563903 0.0494175537 -0.0127029735 -0.0171461185 0.998550224
1341846238.51534 0.0719650395 -0.0604966527 0.00174838368 0.0494247332 -0.0123340712 -0.0175852278 0.998546857
1341846238.54592 0.0747470491 -0.0608492567 0.00350024721 0.0504354103 -0.0132801422 -0.0173343996 0.998488571
1341846238.58788 0.0765088068 -0.0567583566 0.00279943247 0.0516651175 -0.0132912644 -0.0179132268 0.998415332
1341846238.60093 0.0766119023 -0.0547915396 0.00247930057 0.0517074187 -0.0125161416 -0.0182530257 0.998417005
1341846238.64597 0.0732022172 -0.054825488 0.00106845524 0.0501209911 -0.0119051063 -0.0181857874 0.998506601
1341846238.68194 0.0722643044 -0.0595759233 0.00278608558 0.0489672847 -0.0119933852 -0.0177194306 0.998571172
1341846238.71394 0.074681877 -0.0559365773 0.00564935081 0.0503739109 -0.012411272 -0.0165471879 0.998516209
1341846238.74594 0.0730883123 -0.0575492089 0.000777535761 0.0506590252 -0.0123191322 -0.0159096465 0.998513287
1341846238.78196 0.0736417051 -0.0557704549 0.0016742527 0.049890733 -0.0128720476 -0.016498962 0.998535432
1341846238.81387 0.0762365929 -0.0561152593 0.00305261517 0.0487461371 -0.0125940243 -0.0170956733 0.998585471
1341846238.84995 0.0755991404 -0.0557133858 0.0051250344 0.0478399877 -0.0121717202 -0.0172625209 0.998631659
1341846238.88193 0.074887591 -0.0558067386 0.00739275419 0.048499262 -0.0132573231 -0.0165042909 0.998598855
1341846238.91401 0.0741887674 -0.0560821944 0.0126599764 0.0510344495 -0.0151579271 -0.0136304717 0.998488824
1341846238.94992 0.0754844342 -0.0681185792 0.00916370506 0.0529716846 -0.0167530431 -0.0123100206 0.998379587
1341846238.96594 0.0755659297 -0.0638131867 0.006309824 0.0556447373 -0.0168345955 -0.0134474829 0.998218125
1341846239.01795 0.0781475239 -0.0622849954 0.00393826122 0.0559911506 -0.0167040857 -0.0161467886 0.998160932
1341846239.05005 0.0761557407 -0.0587857206 0.00583081338 0.0566126986 -0.0159626793 -0.0175522691 0.998114279
1341846239.08191 0.0757754067 -0.0617434352 0.00443533137 0.0567196793 -0.0159842184 -0.0187013198 0.998086992
1341846239.11787 0.0752772452 -0.0585467828 0.00574355808 0.0578349962 -0.0156724462 -0.0201387819 0.997999958
1341846239.14998 0.0756816492 -0.0578141376 0.00490404324 0.0582875633 -0.0150472296 -0.0205130948 0.997975628
1341846239.18191 0.0757254531 -0.0559445435 0.00411969181 0.0576610303 -0.0147973751 -0.0202297478 0.998021543
1341846239.21816 0.0758702665 -0.0561616173 0.00351407629 0.0557855168 -0.0150887889 -0.0203730061 0.998120857
1341846239.25002 0.0755932425 -0.056340184 0.00480882252 0.0545599703 -0.014452788 -0.0206704371 0.998191895
1341846239.28595 0.0755152471 -0.055819821 0.00519051804 0.0536976422 -0.0137705713 -0.0204814624 0.998252195
1341846239.31874 0.075716531 -0.0553728289 0.00460489628 0.0523721478 -0.0131283003 -0.0204652432 0.998331598
1341846239.34998 0.0753582835 -0.0545257747 0.00567679286 0.0511993137 -0.0126958064 -0.0200663256 0.998406124
1341846239.38602 0.0755314904 -0.0545086194 0.00609475701 0.0512414486 -0.0122825511 -0.0190287939 0.998429446
1341846239.41799 0.0753418207 -0.0560205069 0.00536282252 0.0511459627 -0.0123320072 -0.0189283689 0.998435641
1341846239.45013 0.0754658842 -0.0552366294 0.00524905612 0.0504434938 -0.0123775325 -0.0187061366 0.998475003
1341846239.48599 0.0751328896 -0.0556892816 0.0060621121 0.0492201568 -0.0120398575 -0.0183442882 0.998546897
1341846239.51792 0.0752247371 -0.055747875 0.00629662969 0.0481432884 -0.0116453567 -0.017533688 0.998618636
1341846239.55401 0.0750632293 -0.0555604701 0.00621853813 0.0471964294 -0.0114896986 -0.0173045551 0.998669633
1341846239.58592 0.0748491176 -0.0557385487 0.00728354756 0.0462399404 -0.0115371964 -0.0166640977 0.998724721
1341846239.61798 0.0744676154 -0.055462467 0.00856205716 0.0465710231 -0.0113880158 -0.0157851531 0.998725329
1341846239.65395 0.0744032188 -0.0554764544 0.00882293234 0.0474361172 -0.011600244 -0.0148556802 0.998696429
1341846239.68586 0.0745925551 -0.0555541437 0.00812318363 0.0476140831 -0.0117640828 -0.0147580271 0.998687492
1341846239.71793 0.0746203277 -0.0552800731 0.00835047705 0.0471590748 -0.0123433315 -0.0141631595 0.998710703
1341846239.75387 0.0743482018 -0.0554178081 0.00919985018 0.0472697105 -0.0123259505 -0.014082564 0.998706827
1341846239.78593 0.0748751185 -0.0554619636 0.00751678977 0.0464845322 -0.0124941392 -0.0139124292 0.998743976
1341846239.82195 0.0739954574 -0.0551966908 0.00990329611 0.0464564674 -0.0129425844 -0.0134088718 0.998746458
1341846239.85434 0.0741508999 -0.0552554371 0.00987380266 0.0477426932 -0.0133662451 -0.0130316158 0.998685214
1341846239.89182 0.0749956752 -0.0556586805 0.00696541028 0.0473287193 -0.0135438322 -0.0137970207 0.998692244
1341846239.90682 0.0752736991 -0.0559328898 0.00866334455 0.046451193 -0.013426452 -0.0146065062 0.998723519
1341846239.95419 0.0742515221 -0.0556259976 0.0118816326 0.0469470383 -0.013172322 -0.0143077533 0.998708042
1341846239.98601 0.0747882001 -0.0559910428 0.0104719942 0.0472909993 -0.0137398036 -0.0146257187 0.998679562
1341846240.02206 0.0751505012 -0.056138825 0.00912715857 0.0472585302 -0.0141191574 -0.016295307 0.998649961
1341846240.05401 0.0741803797 -0.055262058 0.00990368431 0.0480130313 -0.013739207 -0.0166646641 0.998613174
1341846240.08988 0.0743361606 -0.0551916688 0.00958439625 0.0491569447 -0.0138716784 -0.0169095148 0.998551571
1341846240.12182 0.0743374659 -0.0556998146 0.0127959789 0.0499829956 -0.0144592274 -0.0175958044 0.99849037
1341846240.15987 0.071698123 -0.0567544931 0.0138277788 0.0514568132 -0.013741869 -0.0186846398 0.99840585
1341846240.19591 0.0752794649 -0.0560167003 0.0103262672 0.0522367824 -0.0136638325 -0.018437513 0.998371011
1341846240.22802 0.0735708994 -0.057353629 0.0116970805 0.051968249 -0.0137241807 -0.0182374385 0.998387872
1341846240.27497 0.0702971436 -0.0584508614 0.0153148081 0.05248007 -0.0138099592 -0.0179086139 0.998365869
1341846240.29004 0.0704291184 -0.0586481953 0.0143282544 0.0533343447 -0.0136941451 -0.0175647198 0.998328302
1341846240.32222 0.0746401709 -0.0570547523 0.0105795001 0.0531321407 -0.0147298465 -0.0172422086 0.998329962
1341846240.35795 0.0748946455 -0.056066762 0.00994803813 0.0524982984 -0.0153549682 -0.0164071059 0.998368149
1341846240.37401 0.0714339932 -0.05974001 0.0167938036 0.0528285491 -0.0153574067 -0.0164811158 0.998349472
1341846240.42224 0.0742222502 -0.0573705482 0.0115537554 0.0545292547 -0.0152094398 -0.0173067508 0.998246317
1341846240.45844 0.0748220039 -0.055878418 0.00992793305 0.0549566927 -0.0157011324 -0.0182298927 0.998198832
1341846240.4905 0.073737311 -0.0552426218 0.0137302274 0.0548443639 -0.0166863593 -0.0185904678 0.998182376
1341846240.52598 0.0737093046 -0.0559659689 0.0133935349 0.0555991197 -0.0170677966 -0.0189355734 0.998127683
1341846240.5579 0.0739492349 -0.0556617838 0.013108136 0.0566627285 -0.017094155 -0.0198279437 0.998050088
1341846240.59047 0.0746559307 -0.0559695442 0.0110927443 0.0568124518 -0.0175035316 -0.0202210348 0.998026594
1341846240.62621 0.0747425277 -0.0558922731 0.0111205085 0.0572212571 -0.0180697699 -0.0205017179 0.99798742
1341846240.65797 0.0747154144 -0.0560230916 0.0109381119 0.0576413834 -0.0186095752 -0.0203919859 0.997955571
1341846240.68983 0.0743798849 -0.0560993295 0.0116601509 0.0586154701 -0.0186735475 -0.0210223448 0.997884556
1341846240.72591 0.0690365678 -0.0572514665 0.00274073941 0.0582521963 -0.0180961283 -0.0214940009 0.997906418
1341846240.75826 0.0719290568 -0.0593850627 0.0102710395 0.0581460401 -0.0190403182 -0.0213023266 0.997899151
1341846240.79403 0.0689673229 -0.0607259629 0.0122307275 0.0594737435 -0.0190355297 -0.0211345466 0.99782456
1341846240.82608 0.065950052 -0.0669027223 0.00639699698 0.0591777548 -0.0183619318 -0.0218838069 0.99783863
1341846240.85816 0.0728637227 -0.0545764919 0.00651723965 0.0599628019 -0.0191172216 -0.0212323882 0.997791652
1341846240.89409 0.073016052 -0.0575536742 0.0077545225 0.0586185032 -0.0191564354 -0.0216288838 0.997862262
1341846240.92599 0.0739165515 -0.0565683554 0.00856701279 0.0583994735 -0.0193083175 -0.020738626 0.997891076
1341846240.95809 0.0754115003 -0.0565331645 0.00866006795 0.0581042353 -0.0195194781 -0.0208805903 0.997901242
1341846240.9941 0.0692534554 -0.0593553609 0.0155648669 0.0574523685 -0.0190079129 -0.0217087378 0.997931188
1341846241.02605 0.0812860161 -0.0538564655 0.00903092541 0.0594165268 -0.021118665 -0.01978421 0.997813742
1341846241.06247 0.0890442632 -0.0506543898 -0.0045694524 0.0606817715 -0.0211222583 -0.0187595107 0.997757312
1341846241.09438 0.103014873 -0.0468477398 -0.0104881858 0.0599444471 -0.0231011722 -0.0194231258 0.997745329
1341846241.12608 0.120884559 -0.0433519247 -0.0138003693 0.0604141319 -0.0266487913 -0.0182995702 0.997649788
1341846241.16788 0.137106091 -0.0385396032 -0.0251189051 0.0625714011 -0.0295853244 -0.0167600767 0.997461091
1341846241.18107 0.154116666 -0.0301747108 -0.0446295818 0.0628220975 -0.0324471331 -0.0212214306 0.997271387
1341846241.23014 0.169400884 -0.0264303607 -0.0515621873 0.0627938851 -0.0353148751 -0.0235494782 0.997123468
1341846241.26189 0.171369262 -0.0309125119 -0.0416417956 0.0628815709 -0.0336298166 -0.0205901498 0.99724169
1341846241.29522 0.177611758 -0.0300222462 -0.0444167276 0.0628652019 -0.0348114897 -0.0210123771 0.997193365
1341846241.32983 0.175057802 -0.0326894884 -0.0400023808 0.0616386644 -0.0343715258 -0.0223470374 0.997256177
1341846241.362 0.170274098 -0.0370493681 -0.0327957798 0.0610668987 -0.0331544432 -0.0223117865 0.997333345
1341846241.39402 0.169273864 -0.0337828792 -0.0408511363 0.061637784 -0.0328236655 -0.0230487877 0.997292406
1341846241.43014 0.164013896 -0.0356339732 -0.0341906246 0.0616852964 -0.0323999603 -0.0233116725 0.997297214
1341846241.46203 0.163986284 -0.0355422586 -0.0342199705 0.0617571615 -0.0323917002 -0.0235041673 0.997288516
1341846241.49791 0.163407166 -0.0359998925 -0.0334955171 0.0616171441 -0.0320469787 -0.0235507365 0.997307215
1341846241.52994 0.161788969 -0.0350368175 -0.0345789883 0.0616875851 -0.0318945378 -0.0236908374 0.997304429
1341846241.56278 0.166063664 -0.0386094163 -0.0312320656 0.0608192063 -0.0321853591 -0.0245594407 0.997327409
1341846241.5987 0.16467568 -0.0400396633 -0.0282828887 0.0609648447 -0.0319901084 -0.024616787 0.997323385
1341846241.63001 0.164816823 -0.0402986449 -0.0285920437 0.0611827816 -0.0318096622 -0.0245485077 0.997317494
1341846241.66225 0.165360749 -0.0396109784 -0.0295162248 0.0613083285 -0.0320426206 -0.0242269199 0.99731019
1341846241.69811 0.164753362 -0.0402345349 -0.0282674902 0.061533828 -0.0317241711 -0.0244984682 0.99729985
1341846241.72986 0.165467009 -0.0392142527 -0.02982675 0.061520091 -0.0318721827 -0.0245258615 0.997295305
1341846241.76583 0.165205686 -0.0393131663 -0.0296557241 0.0616197387 -0.0318771508 -0.0247935705 0.997282374
1341846241.79801 0.165104459 -0.0394817288 -0.0292654504 0.0620594878 -0.0317732598 -0.0247507576 0.997259485
1341846241.83025 0.165340392 -0.0390095139 -0.0303612225 0.0623215547 -0.031759465 -0.0247758029 0.997242959
1341846241.86588 0.16552881 -0.0388927755 -0.0305760498 0.0621702897 -0.0318995418 -0.0249667411 0.997243168
1341846241.89816 0.165469109 -0.0393638118 -0.0295793714 0.0622918016 -0.031986301 -0.0250473662 0.997230784
1341846241.92992 0.165151692 -0.039294762 -0.0292266728 0.0629761964 -0.0316354052 -0.0250883958 0.99719796
1341846241.96589 0.166209807 -0.0397864145 -0.0314146688 0.0622187858 -0.0317115322 -0.0257873134 0.997225258
1341846241.99802 0.165373262 -0.0399499003 -0.0303408104 0.0621299995 -0.0317479706 -0.0256205778 0.997233932
1341846242.03403 0.16522731 -0.0397764846 -0.0299540463 0.0625917373 -0.0317089909 -0.0249229908 0.997223976
1341846242.06638 0.164875116 -0.0399449227 -0.0294047523 0.0629511386 -0.0314680138 -0.025293062 0.997199669
1341846242.09792 0.165270089 -0.0394329129 -0.0303081961 0.0641411961 -0.0315685023 -0.0246897332 0.997135775
1341846242.13399 0.165063389 -0.0401330149 -0.0292941642 0.0647036713 -0.0316756564 -0.0241931178 0.997108209
1341846242.1659 0.165165346 -0.0396708082 -0.0304971427 0.0651169971 -0.0313563148 -0.0242307152 0.997090483
1341846242.19793 0.164772233 -0.0402305608 -0.0288732187 0.0656445736 -0.0312281311 -0.0248896287 0.99704368
1341846242.2345 0.1624317 -0.0411429464 -0.0261881918 0.0664615858 -0.0308760211 -0.0238767079 0.997025291
1341846242.27003 0.162712795 -0.041107628 -0.0268390452 0.0674229461 -0.0308679321 -0.0241801924 0.996953678
1341846242.30201 0.162691424 -0.0411041552 -0.0269177891 0.0669992487 -0.0303040197 -0.0250668895 0.996977642
1341846242.334 0.162476907 -0.0413926163 -0.0260797642 0.0669926654 -0.0301538577 -0.0246489097 0.996993059
1341846242.36601 0.162568337 -0.0412839596 -0.0259055933 0.0679934901 -0.0301604255 -0.024098392 0.996938565
1341846242.40192 0.164965975 -0.0398690271 -0.0299015474 0.06803757 -0.0308894141 -0.0243620064 0.996906829
1341846242.43395 0.164929605 -0.0397684156 -0.0298735639 0.0680644024 -0.0308054644 -0.0247446937 0.99689817
1341846242.46991 0.164868365 -0.0400408225 -0.0292894864 0.0691570466 -0.0305335907 -0.0247782006 0.996830499
1341846242.50198 0.16481616 -0.040238795 -0.0291071181 0.069686456 -0.0304649981 -0.0252952789 0.99678274
1341846242.53407 0.165795747 -0.0391440621 -0.0310137783 0.0694522608 -0.0305564094 -0.0263724397 0.99676837
1341846242.56994 0.165356776 -0.0397105293 -0.0297329562 0.0692873447 -0.0301494059 -0.0266305553 0.996785378
1341846242.60201 0.165539059 -0.0393478923 -0.0304897406 0.0694236082 -0.0299861365 -0.0262868969 0.996789944
1341846242.63409 0.165652905 -0.0392568606 -0.030757497 0.0685465936 -0.0300429824 -0.0263672867 0.996846804
1341846242.67024 0.165696215 -0.0390920268 -0.0311202721 0.0678696314 -0.029866922 -0.0262983368 0.996900235
1341846242.70195 0.165845292 -0.0388708084 -0.0316700181 0.0677326344 -0.0297581776 -0.0264116652 0.996909808
1341846242.73801 0.165763584 -0.0391401002 -0.0310159062 0.0673565748 -0.0301930869 -0.0265068482 0.996919684
1341846242.76995 0.165604699 -0.0392705008 -0.0307693014 0.0678625581 -0.03048087 -0.0264921172 0.996877002
1341846242.8081 0.165600262 -0.0392327398 -0.0308935988 0.0683710436 -0.0302964849 -0.0270673634 0.996832424
1341846242.823 0.166009496 -0.0387852632 -0.0320373928 0.067655415 -0.0303069145 -0.0278783966 0.996858581
1341846242.86995 0.16558057 -0.0392743174 -0.0307361057 0.0669153373 -0.0305569677 -0.0279961244 0.996897601
1341846242.90245 0.165634572 -0.0390981235 -0.031188265 0.0669719589 -0.030357939 -0.0281695267 0.996894994
1341846242.93809 0.165734794 -0.039003374 -0.0312176987 0.0674279746 -0.0306528618 -0.0285152174 0.996845401
1341846242.96997 0.165810156 -0.0390816324 -0.0309768385 0.0681152499 -0.031277978 -0.0285341949 0.996778712
1341846243.0061 0.165706215 -0.0390593276 -0.0312051766 0.0688958727 -0.0314731901 -0.0284023463 0.996722681
1341846243.03813 0.165784023 -0.0390180765 -0.0313277464 0.0686882252 -0.031988053 -0.0282616815 0.996724621
1341846243.07006 0.166116531 -0.0384138838 -0.032647817 0.0678676476 -0.0324385225 -0.0285071098 0.996759284
1341846243.10607 0.165905436 -0.0386566774 -0.0320266772 0.0666431413 -0.0324654441 -0.0293025189 0.996817962
1341846243.13791 0.165820642 -0.0388978224 -0.031431349 0.0669276647 -0.0321378993 -0.0288942932 0.99682143
1341846243.16999 0.165174829 -0.0343304239 -0.0376287697 0.0676293386 -0.032678957 -0.028120783 0.996778601
1341846243.20601 0.165116112 -0.0344743462 -0.0375132231 0.0674899912 -0.0325817467 -0.028580288 0.996778159
1341846243.23801 0.165068045 -0.0345640345 -0.0372580499 0.066675904 -0.0319855517 -0.0292603209 0.996832525
1341846243.27403 0.162904476 -0.036265121 -0.0345575236 0.0663445171 -0.0312994674 -0.0297797917 0.99686103
1341846243.30589 0.162986799 -0.0360703134 -0.034765287 0.0670266536 -0.0313667142 -0.0298451432 0.996811328
1341846243.33803 0.162928386 -0.0362166181 -0.0344976437 0.0679643197 -0.031324801 -0.0299661662 0.996745523
1341846243.37436 0.16300366 -0.0361132651 -0.0349119335 0.0688684798 -0.0312684492 -0.0300041499 0.996684086
1341846243.40587 0.16316708 -0.0358158061 -0.0355052663 0.0691890333 -0.0318438108 -0.0296608821 0.996653943
1341846243.4422 0.163170691 -0.0357987255 -0.0354710637 0.0694102636 -0.0321184862 -0.0297302254 0.99662768
1341846243.47391 0.163104922 -0.0358872788 -0.0352227129 0.0695297893 -0.0320235754 -0.029825789 0.996619547
1341846243.50587 0.163438742 -0.0356960392 -0.0358324447 0.0695953746 -0.0324061012 -0.0298942071 0.996600554
1341846243.54201 0.163075537 -0.0358038825 -0.0354860603 0.0693699224 -0.0325221169 -0.0298482054 0.996613872
1341846243.57407 0.163061477 -0.0359448212 -0.0352763007 0.0692124934 -0.0319939172 -0.0295824905 0.996649836
1341846243.60585 0.16289898 -0.0360752474 -0.0347479377 0.069481027 -0.0315528219 -0.0292096912 0.99665621
1341846243.64202 0.163237463 -0.0356793291 -0.0355026437 0.0703507357 -0.0315374353 -0.0292460833 0.996594617
1341846243.67393 0.163370961 -0.0354577249 -0.0361328916 0.0701080659 -0.0315503921 -0.0294363908 0.996605705
1341846243.71011 0.163362456 -0.0355351943 -0.0357771981 0.0703752889 -0.0312789366 -0.0292351267 0.996601352
1341846243.74223 0.163238229 -0.0355944351 -0.0357581195 0.070574905 -0.0315231454 -0.0294751039 0.996572472
1341846243.77413 0.16337703 -0.0355262017 -0.0360185644 0.0697678767 -0.0317721055 -0.030485996 0.99659098
1341846243.8099 0.163197162 -0.0356098462 -0.0356842652 0.0694789843 -0.0313492024 -0.0302089023 0.996632992
1341846243.84199 0.163095748 -0.0356818629 -0.0352422155 0.069886579 -0.0314079014 -0.0290704135 0.996636504
1341846243.87408 0.163048557 -0.0357587682 -0.0350857304 0.070576684 -0.031982345 -0.0284816218 0.996586604
1341846243.91003 0.162914195 -0.0360465343 -0.0346909058 0.0712092696 -0.0320715006 -0.0287957607 0.99652971
1341846243.92598 0.162859551 -0.0359410321 -0.0350401807 0.0720451535 -0.0312465755 -0.0294614817 0.996476376
1341846243.97814 0.163309711 -0.0357615068 -0.0358213508 0.0711637965 -0.0306828671 -0.0302514337 0.996533555
1341846244.01013 0.163030779 -0.0360006779 -0.0349619241 0.0700914971 -0.0304208419 -0.0298346079 0.996630147
1341846244.04213 0.162650717 -0.0362796888 -0.0341107469 0.0710395467 -0.0301190416 -0.0283562555 0.996615347
1341846244.07789 0.163043256 -0.0358196188 -0.0350812791 0.0717865373 -0.030240048 -0.0279856608 0.996568631
1341846244.11591 0.163075356 -0.0359584112 -0.0351682872 0.071284036 -0.0301355948 -0.028285263 0.996599406
1341846244.15185 0.16293746 -0.0360708878 -0.0347189184 0.0705955205 -0.0301023466 -0.0275821593 0.996669125
1341846244.18434 0.162932741 -0.0359413421 -0.034753744 0.0715563018 -0.0299619885 -0.0267718484 0.996626933
1341846244.21598 0.163018544 -0.0360672809 -0.0350838428 0.0715204039 -0.0297746761 -0.0272600104 0.99662189
1341846244.25188 0.162990821 -0.0360229276 -0.0349946593 0.0706284024 -0.0297860318 -0.0274336949 0.996680397
1341846244.2839 0.163043028 -0.035867115 -0.0347428027 0.0714364039 -0.0299896777 -0.0271907823 0.99662336
1341846244.31607 0.163723941 -0.0352815964 -0.0361721015 0.0721288101 -0.0303596095 -0.0275353081 0.996552826
1341846244.35202 0.163467805 -0.0355384276 -0.0356599143 0.0718358368 -0.0304966734 -0.0276254011 0.99656731
1341846244.38405 0.163429285 -0.0354194256 -0.0357198739 0.0721220922 -0.0311548062 -0.0266533321 0.996552749
1341846244.41988 0.163395751 -0.0357509942 -0.0353651816 0.0723863231 -0.0312453844 -0.026628523 0.996531418
1341846244.4519 0.163662609 -0.0353348625 -0.0366005194 0.0717319782 -0.0305561557 -0.0273156688 0.996581506
1341846244.48388 0.163496713 -0.0353921949 -0.036247189 0.0707750034 -0.0299206853 -0.0275589797 0.996662508
1341846244.52017 0.163003762 -0.0358755143 -0.0349032416 0.070917324 -0.0292308967 -0.0269277035 0.996690116
1341846244.55195 0.163069254 -0.0357377787 -0.0352016454 0.0717384786 -0.028511315 -0.0261492168 0.996672922
1341846244.5839 0.163082998 -0.0359504564 -0.0350952866 0.0720833162 -0.0278738301 -0.0249754322 0.996696179
1341846244.61988 0.162774644 -0.0364420452 -0.0342629148 0.0718246153 -0.0275353016 -0.023177333 0.996767698
1341846244.65185 0.162765505 -0.0363893533 -0.0339952883 0.0722234462 -0.0274744576 -0.0218337069 0.996770895
1341846244.68383 0.162918055 -0.0361866009 -0.0344604006 0.0730958323 -0.0273984753 -0.0208098243 0.996731295
1341846244.71988 0.162966889 -0.0361659448 -0.0350146633 0.0729104596 -0.0270413429 -0.0206005401 0.996758972
1341846244.75183 0.162681133 -0.0365164542 -0.0338230957 0.0725280653 -0.0262345714 -0.0207861134 0.996804577
1341846244.78867 0.162819357 -0.036323078 -0.0341903879 0.073337819 -0.0259840475 -0.0208330044 0.996750911
1341846244.82056 0.162714622 -0.0364496621 -0.0339599049 0.0740164901 -0.0252626903 -0.0212551682 0.996710376
1341846244.85227 0.162662777 -0.0362064135 -0.0340615793 0.0756556176 -0.0243697056 -0.0213573783 0.996607349
1341846244.88788 0.162605895 -0.0367164013 -0.0333888828 0.0773789186 -0.0233739844 -0.0207879195 0.996510924
1341846244.92009 0.162563793 -0.0367778843 -0.0332719753 0.0775311222 -0.0222498305 -0.0208560592 0.996523404
1341846244.95263 0.162531533 -0.0367323871 -0.0331586909 0.0781255821 -0.0215927302 -0.0198953269 0.996511075
1341846244.988 0.162575045 -0.0395547795 -0.0292380542 0.078708063 -0.0206880337 -0.0189362313 0.996503119
1341846245.02007 0.162920573 -0.0394257214 -0.0299320918 0.0777967215 -0.0204792049 -0.0187193171 0.996583092
1341846245.05188 0.162451171 -0.0399187239 -0.0292303216 0.0762990263 -0.0194817726 -0.0197270404 0.996699435
1341846245.08825 0.162658945 -0.0394732426 -0.0296632285 0.0753330684 -0.0189558477 -0.0194389238 0.99678871
1341846245.11994 0.162753484 -0.0395661226 -0.0296692542 0.0747705195 -0.0186054865 -0.0198696236 0.996829175
1341846245.15185 0.16265943 -0.0397052849 -0.0291546086 0.0750331663 -0.0183965474 -0.0201961335 0.996806755
1341846245.1879 0.16257278 -0.039655987 -0.0290275318 0.0759480196 -0.0182228309 -0.0199207621 0.996746201
1341846245.21986 0.162769584 -0.0395783427 -0.0295562632 0.0758915193 -0.0183309964 -0.019822648 0.996750478
1341846245.25604 0.162709566 -0.0396167412 -0.0294227107 0.0753057806 -0.0181178591 -0.0201843499 0.99679154
1341846245.288 0.162576514 -0.0399036281 -0.0290243452 0.0749375897 -0.0177933513 -0.0210261101 0.996807733
1341846245.32017 0.162666151 -0.0396421076 -0.0291440862 0.0750528325 -0.0176611107 -0.0221978258 0.99677601
1341846245.35587 0.162801331 -0.03958829 -0.0292246786 0.0750033746 -0.0181488688 -0.0222084715 0.996770734
1341846245.38793 0.162712193 -0.0396097979 -0.0292562838 0.0747560862 -0.0185719369 -0.0226166457 0.99677234
1341846245.42399 0.162629259 -0.0395662374 -0.0293390278 0.0751637324 -0.0183359272 -0.023031128 0.996736562
1341846245.45586 0.162510118 -0.039862747 -0.0288144768 0.0755433533 -0.0180168197 -0.0239494229 0.996692039
1341846245.48781 0.162440486 -0.039958706 -0.0287311949 0.0759510836 -0.0180833568 -0.0237794325 0.996663917
1341846245.52393 0.162553469 -0.0397951984 -0.0289675748 0.0761347051 -0.0181026879 -0.0234862724 0.996656508
1341846245.5558 0.162525836 -0.0398045681 -0.0289501331 0.0759192035 -0.0179507492 -0.0237590064 0.99666923
1341846245.592 0.162520839 -0.0397695523 -0.0286482836 0.0766827074 -0.0180927527 -0.0233562 0.996617731
1341846245.62385 0.162586226 -0.0396446462 -0.028897379 0.0779099522 -0.0184657964 -0.0222836614 0.996540261
1341846245.6559 0.162742985 -0.0395463092 -0.0292449776 0.0781731194 -0.0181766653 -0.0222489362 0.996525743
1341846245.69207 0.162668291 -0.0396682139 -0.0292583938 0.0774850449 -0.0174551923 -0.023439553 0.996565086
1341846245.72453 0.162584664 -0.0396043848 -0.0287306705 0.0776844721 -0.0172858612 -0.022774382 0.996567935
1341846245.76007 0.162604256 -0.0396675305 -0.028831846 0.0787166997 -0.0172650164 -0.0217290992 0.996510635
1341846245.79246 0.162782821 -0.0396819663 -0.0292571276 0.0789148429 -0.0168508014 -0.0224482556 0.996486113
1341846245.82415 0.162623724 -0.0396884926 -0.0289654732 0.0785940107 -0.016224485 -0.0219253663 0.996533505
1341846245.86002 0.162754344 -0.0395650437 -0.0293607251 0.0783132194 -0.0158618634 -0.0214390846 0.996572028
1341846245.89189 0.162734387 -0.0396027889 -0.029238977 0.0772396746 -0.0157309693 -0.0218447532 0.996649074
1341846245.92791 0.162589759 -0.0398067818 -0.0284672225 0.0776003656 -0.0149335406 -0.022208797 0.996625277
1341846245.97307 0.162815433 -0.0396224796 -0.0288522009 0.0785321514 -0.0145673849 -0.0220630463 0.996560944
1341846245.9862 0.164196519 -0.0417921517 -0.0258919505 0.078521713 -0.0151847338 -0.0216801978 0.996560953
1341846246.02206 0.164147584 -0.0417598985 -0.0255351594 0.0791570842 -0.0153951439 -0.0215979944 0.996509243
1341846246.05388 0.164006651 -0.0417286464 -0.0256389322 0.0803613977 -0.0156826174 -0.0211312216 0.996418372
1341846246.08592 0.164278014 -0.0413076705 -0.0262867562 0.0818125816 -0.0166985827 -0.0199073001 0.996308967
1341846246.12181 0.164252495 -0.0416113763 -0.0259352155 0.0824956263 -0.0177689179 -0.0206088714 0.996219861
1341846246.15396 0.164105706 -0.041763817 -0.025620469 0.0831279821 -0.0181471093 -0.0218780199 0.996133411
1341846246.20605 0.164202659 -0.0416162854 -0.0260105904 0.0841906327 -0.0177250735 -0.023256039 0.99602054
1341846246.22202 0.164563246 -0.0413565107 -0.0265216791 0.0836270643 -0.0179140578 -0.0250272987 0.996021704
1341846246.254 0.164392424 -0.0415994733 -0.0257284446 0.0835989103 -0.0180294916 -0.0264787561 0.995984455
1341846246.28987 0.164158329 -0.0418091221 -0.0253325665 0.0847095851 -0.017460044 -0.0270218515 0.995886164
1341846246.32204 0.164344008 -0.0418102239 -0.0261369351 0.0841124653 -0.0162778563 -0.0287187522 0.995909312
1341846246.35398 0.164753514 -0.0415682769 -0.0267537081 0.0824690644 -0.0154987125 -0.0301922136 0.996015599
1341846246.3899 0.164498269 -0.0415221482 -0.0263217079 0.0814415634 -0.0147014294 -0.0296609214 0.996128189
1341846246.42186 0.164608956 -0.0411798891 -0.02665147 0.081812347 -0.0142507493 -0.0280811559 0.996150142
1341846246.45794 0.164479378 -0.041507985 -0.0264790567 0.0811084919 -0.0139295365 -0.0262909278 0.996261094
1341846246.49044 0.16434282 -0.0417560639 -0.0265181287 0.0797567898 -0.0131736655 -0.0249388605 0.996415256
1341846246.52193 0.164504786 -0.0417316315 -0.0267104921 0.0786685781 -0.0113934905 -0.0245513393 0.996533329
1341846246.55828 0.164324746 -0.0419329282 -0.025893476 0.0780149247 -0.00992238973 -0.0249054182 0.996591661
1341846246.58983 0.16408979 -0.0418871469 -0.025638521 0.0785838331 -0.00924191055 -0.0237275549 0.996582245
1341846246.62204 0.164455318 -0.0417972278 -0.0259905921 0.0787768028 -0.00970310715 -0.0214598067 0.996614039
1341846246.65805 0.164592729 -0.0416473106 -0.0266591039 0.0781537248 -0.0101316663 -0.0204423461 0.996680217
1341846246.69003 0.164455716 -0.0417433275 -0.0261949989 0.077639799 -0.010758102 -0.0209086148 0.996704146
1341846246.72591 0.16437937 -0.0418458016 -0.0262051871 0.0775053966 -0.0110430704 -0.0215162491 0.996698558
1341846246.7579 0.164319619 -0.0419222543 -0.0259761099 0.0768090923 -0.0109447267 -0.0223020508 0.996736271
1341846246.79 0.164322818 -0.0418397077 -0.0260697952 0.076182621 -0.0109603346 -0.023146628 0.996764924
1341846246.82607 0.164148705 -0.0417953479 -0.0256886243 0.0763652706 -0.0113145858 -0.023182143 0.996746163
1341846246.85788 0.164203499 -0.0417627762 -0.0259219846 0.0771749689 -0.0117474252 -0.0227551734 0.99668863
1341846246.89395 0.16472677 -0.0414285965 -0.0268300086 0.0772838863 -0.0124411774 -0.0225812097 0.996675728
1341846246.9259 0.164248455 -0.0417902611 -0.0259694892 0.0767464991 -0.0128711378 -0.0222712491 0.996718767
1341846246.9581 0.164289735 -0.041774695 -0.0260132905 0.0766000038 -0.012975173 -0.0220359445 0.996733917
1341846246.99395 0.164369404 -0.0417723342 -0.0260510439 0.0765292579 -0.013221534 -0.0227087378 0.996721013
1341846247.02623 0.164294237 -0.0417028174 -0.0261840891 0.07672352 -0.01321949 -0.0244859033 0.996664029
1341846247.05794 0.16406826 -0.0419025545 -0.025641269 0.0776010516 -0.013445131 -0.0248628015 0.996583738
1341846247.0939 0.164173888 -0.0417420057 -0.0261626406 0.0782682523 -0.0137552519 -0.0245157123 0.996535927
1341846247.12604 0.164254361 -0.0417293461 -0.0262037515 0.078263962 -0.0143273538 -0.024388042 0.996531335
1341846247.1621 0.163794711 -0.0420126054 -0.0248180311 0.0790286795 -0.0145776597 -0.0230683514 0.996498776
1341846247.19408 0.163025433 -0.0425448934 -0.0229180945 0.0823352023 -0.0134253009 -0.0212179192 0.99628835
1341846247.22603 0.163576492 -0.0430051835 -0.0232049161 0.0832591951 -0.0133681933 -0.019681827 0.996243857
1341846247.26198 0.159560039 -0.0476977092 -0.0131966501 0.0856016255 -0.0125199932 -0.0193968785 0.996061932
1341846247.29396 0.159238378 -0.045208957 -0.0166826215 0.0905394269 -0.0111411109 -0.0197033251 0.995635609
1341846247.326 0.162511059 -0.0424364071 -0.0234946041 0.0914891355 -0.0121608201 -0.0195700869 0.995539484
1341846247.36196 0.164227858 -0.0422229567 -0.0257334689 0.0893909087 -0.0135514555 -0.019314064 0.995717124
1341846247.37801 0.164241375 -0.0421239654 -0.025774386 0.0874594459 -0.0136038551 -0.0192307488 0.995889531
1341846247.43019 0.164385749 -0.0417946352 -0.0262686191 0.0851495245 -0.0144004896 -0.0201761319 0.996059791
1341846247.46223 0.163290214 -0.0434830309 -0.0223927012 0.0842026616 -0.0151176446 -0.0211328565 0.996109819
1341846247.49396 0.162960404 -0.0440403079 -0.0219114826 0.0844701692 -0.0152801361 -0.0221377573 0.996062863
1341846247.53004 0.160986334 -0.0464043443 -0.0169027729 0.0851054316 -0.0148160696 -0.0215307494 0.996029104
1341846247.56223 0.15910764 -0.0502524829 -0.010644655 0.0868999919 -0.0144144162 -0.0205397218 0.995900967
1341846247.59418 0.161898512 -0.046593707 -0.0176563236 0.0889284667 -0.0150548393 -0.0196760855 0.995729849
1341846247.63027 0.162567972 -0.0457546765 -0.0198236692 0.0874992118 -0.0160382899 -0.0199334936 0.995835989
1341846247.66304 0.15960124 -0.0506526904 -0.0104105946 0.0861534923 -0.0158983937 -0.0190208998 0.995973404
1341846247.69795 0.160497996 -0.0477836309 -0.0153639942 0.087011053 -0.0152147456 -0.0178129015 0.99593187
1341846247.73007 0.16137605 -0.0469694732 -0.0161579544 0.0857644724 -0.016520356 -0.0166041918 0.996040076
1341846247.7625 0.160358861 -0.0526232972 -0.00557863696 0.0859989879 -0.0171023545 -0.0148489073 0.996037747
1341846247.79906 0.160748948 -0.0520771013 -0.00714147765 0.0878284222 -0.0165318849 -0.0136616708 0.995904726
1341846247.83027 0.161165132 -0.0493898291 -0.014031736 0.0865835536 -0.0165816623 -0.0140359119 0.996007696
1341846247.86588 0.160273616 -0.0539418778 -0.00421159022 0.0846678086 -0.0163654365 -0.014075108 0.996175399
1341846247.89817 0.16044656 -0.0545808206 -0.00206608214 0.087073245 -0.0153168684 -0.0132179066 0.995996451
1341846247.93001 0.161875856 -0.0474134837 -0.0164702716 0.0887176766 -0.0170809662 -0.0121257764 0.995836523
1341846247.96602 0.159456634 -0.0507393835 -0.00825455653 0.0876063078 -0.0188570766 -0.0113626883 0.995911861
1341846247.99807 0.159712165 -0.0564112255 0.00131474689 0.089163189 -0.018538494 -0.0113490429 0.99577982
1341846248.03062 0.1604654 -0.0549936944 -0.00315515987 0.0906293343 -0.0181166481 -0.0117942334 0.995650042
1341846248.0659 0.161134381 -0.0523861258 -0.00710101126 0.0895406443 -0.0180436293 -0.012257804 0.995744268
1341846248.09823 0.158479561 -0.0585149316 0.00298088683 0.0880523099 -0.0163409331 -0.0134952098 0.995890377
1341846248.13394 0.158927353 -0.0580532418 0.0025953939 0.0897210512 -0.0123581707 -0.0165282697 0.995753094
1341846248.16606 0.160450406 -0.0558347652 -0.0019591834 0.0891767145 -0.0106600407 -0.0184352397 0.99578814
1341846248.19821 0.159501237 -0.057115116 0.000800687534 0.0880719633 -0.01070139 -0.0181444759 0.995891353
1341846248.23396 0.161496035 -0.0591447348 0.00587158176 0.0898698102 -0.0108411002 -0.0182583259 0.995727132
1341846248.26597 0.161753519 -0.0552135542 -0.00274637052 0.0902988754 -0.00972873186 -0.0205306276 0.995655542
1341846248.29793 0.160095421 -0.0561957721 -0.000550384076 0.0882105084 -0.0100070863 -0.0226352855 0.99579436
1341846248.33396 0.158334757 -0.0589963335 0.0060515089 0.0884404276 -0.0103728878 -0.0238130697 0.995742754
1341846248.36602 0.159041656 -0.0577644181 0.00305804175 0.0902725565 -0.0104296941 -0.0242595066 0.995566956
1341846248.4021 0.16055307 -0.0560533662 -0.000465812342 0.0901404748 -0.0116010358 -0.023563572 0.995582678
1341846248.43387 0.158746408 -0.0586855044 0.00384071014 0.0898270385 -0.0114811128 -0.0239479359 0.995603226
1341846248.46703 0.160436876 -0.0602736081 0.00411528637 0.0904347226 -0.0102373029 -0.0258123323 0.995515184
1341846248.50246 0.162886465 -0.0519652887 -0.00819301228 0.0893235143 -0.0109236629 -0.0263829509 0.995593252
1341846248.53444 0.159840327 -0.0564427656 0.000475152356 0.0868467037 -0.012693059 -0.0244783984 0.995840019
1341846248.56598 0.158191664 -0.0592034994 0.00601948746 0.0884854753 -0.0126049789 -0.0246907583 0.99569162
1341846248.60201 0.159713633 -0.0567863621 0.000947220322 0.087207811 -0.0114944784 -0.0265422163 0.995770147
1341846248.6403 0.158916486 -0.058534693 0.00785007461 0.0864056833 -0.0116389133 -0.0248753576 0.995881424
1341846248.67584 0.16559012 -0.0596335381 0.0104777392 0.0893079178 -0.0119148295 -0.024232805 0.995637938
1341846248.70811 0.16511946 -0.0577847062 0.00658791934 0.0907030723 -0.0107798532 -0.024814265 0.995510422
1341846248.74009 0.165621553 -0.0569733768 0.0050794857 0.0904247133 -0.0112504825 -0.0244609312 0.995539281
1341846248.78907 0.165332718 -0.0592941924 0.00992019391 0.0917083697 -0.0121741566 -0.0243847688 0.995412853
1341846248.80218 0.165684607 -0.0580960701 0.00579771689 0.0928949481 -0.011754377 -0.0249499867 0.995293857
1341846248.83419 0.165343564 -0.0575853194 0.00646495849 0.0926496712 -0.011953041 -0.0249093703 0.99531537
1341846248.86991 0.164151975 -0.058257375 0.0110151498 0.094233343 -0.0122659985 -0.0235461991 0.995196061
1341846248.90194 0.163508771 -0.0597446472 0.00959328506 0.0955062277 -0.0116791753 -0.0239296617 0.995072625
1341846248.93804 0.166269247 -0.0567609332 0.00456753974 0.0953453925 -0.0120674471 -0.0242304033 0.995076138
1341846248.96992 0.165571244 -0.0567412664 0.0049049478 0.0944839035 -0.0126534885 -0.0246812076 0.99513995
1341846249.00197 0.164014266 -0.0572094994 0.00891752083 0.0942073635 -0.0124283818 -0.0244466947 0.995174792
1341846249.038 0.160018427 -0.052542817 0.00709010512 0.0949169684 -0.0117973114 -0.0240789348 0.995124011
1341846249.06999 0.162221992 -0.0520779362 0.00674570168 0.0934992965 -0.0131680361 -0.0230171322 0.995266143
1341846249.1059 0.163063828 -0.0567781064 0.00940451534 0.0926413013 -0.0124668239 -0.0235023368 0.995344065
1341846249.1381 0.164101347 -0.0548488628 0.00737044086 0.0931985285 -0.011634952 -0.0228998034 0.995316161
1341846249.1699 0.162567619 -0.0570324776 0.00887599182 0.0927244584 -0.011483667 -0.0213538799 0.99539656
1341846249.20603 0.165079757 -0.0588067267 0.0128884813 0.0940238325 -0.0112719378 -0.0207252658 0.995290373
1341846249.23793 0.173726552 -0.0513990985 0.00903947184 0.0949474695 -0.011112067 -0.0212705624 0.995192978
1341846249.25397 0.172068219 -0.0525849021 0.0110982941 0.0933789486 -0.0107317351 -0.0211901201 0.995347266
1341846249.3061 0.170207701 -0.0598564951 0.0146474951 0.0933405923 -0.0100910576 -0.021045385 0.995360636
1341846249.33787 0.168254792 -0.0592022857 0.0107469408 0.0940884058 -0.0084702503 -0.0213436151 0.995298989
1341846249.37409 0.17231145 -0.0519010812 0.010090192 0.0935828821 -0.00877617037 -0.0214460808 0.995341795
1341846249.40594 0.176683474 -0.0579161192 0.0130713167 0.0919771035 -0.00831411612 -0.0222117803 0.995478641
1341846249.43795 0.175122872 -0.0560163992 0.0144326846 0.0933897064 -0.00650096813 -0.0227133198 0.995349288
1341846249.4742 0.173887575 -0.0525427992 0.0129010021 0.0931231491 -0.00624349553 -0.023077867 0.995367525
1341846249.50596 0.172943442 -0.0533125976 0.0145869 0.0917440916 -0.00623543171 -0.0225726042 0.995507217
1341846249.53917 0.170531531 -0.0555236659 0.0154922723 0.0913133572 -0.00555384737 -0.0230916176 0.995538951
1341846249.57427 0.172100965 -0.0535246192 0.0128567378 0.090898414 -0.00568410657 -0.0230538728 0.995577063
1341846249.60603 0.169965002 -0.0541244788 0.0141719145 0.0896453147 -0.00645327639 -0.0208185195 0.995735237
1341846249.642 0.171704068 -0.0551791661 0.0133088938 0.0897400942 -0.00809855364 -0.0185765504 0.995759027
1341846249.67445 0.171009932 -0.0497122358 0.00764156257 0.0887637922 -0.00889951836 -0.0186835333 0.995837694
1341846249.70632 0.169026572 -0.0485576366 0.0128657456 0.0863891014 -0.0096524414 -0.0177977875 0.996055717
1341846249.74203 0.169570553 -0.05208885 0.0162593521 0.0859781228 -0.0112471455 -0.0158255525 0.996107834
1341846249.77391 0.163057324 -0.0500625253 0.0117033301 0.0866545897 -0.0126674726 -0.0133249752 0.996068754
1341846249.8061 0.165951939 -0.0474418782 0.0129351511 0.085891039 -0.0158497053 -0.0108993263 0.996118829
1341846249.84216 0.170989807 -0.0472447672 0.0152292862 0.0852485958 -0.0183911984 -0.00937170695 0.996145879
1341846249.87393 0.164203282 -0.0513837957 0.00975608673 0.0845273163 -0.0193890784 -0.008317773 0.996197777
1341846249.91002 0.164703632 -0.044117811 0.00542145553 0.0854467601 -0.0230920562 -0.00602767886 0.996056863
1341846249.94204 0.169396887 -0.0467448269 0.0106277142 0.0846284439 -0.0266073068 -0.00362837747 0.996050658
1341846249.97422 0.172970239 -0.0426363139 0.0124250413 0.0855998946 -0.0283321436 -0.00464545348 0.995915844
1341846250.01041 0.170859636 -0.0399243749 0.0098664214 0.0856676777 -0.0296044439 -0.00445647097 0.99587387
1341846250.04204 0.17180731 -0.0414741598 0.0101789116 0.0858339237 -0.0318983225 -0.0029795225 0.995794234
1341846250.07806 0.178813661 -0.0447531631 0.0117261294 0.0867849822 -0.0324296326 -0.00312832708 0.99569418
1341846250.10996 0.179162951 -0.0369229479 0.0114015736 0.0872507079 -0.0306669288 -0.00462355358 0.995703508
1341846250.14188 0.180705979 -0.0378281866 0.0108148988 0.0851759847 -0.0294794931 -0.00501271775 0.995917107
1341846250.17783 0.187366152 -0.0426073759 0.0167014782 0.085165724 -0.028030519 -0.00531632697 0.995958245
1341846250.21017 0.18394744 -0.0350463745 0.0111933332 0.0863874915 -0.0233606756 -0.00731128603 0.995960855
1341846250.24191 0.183555621 -0.0310267579 0.011708663 0.0861199502 -0.0210437077 -0.0103353819 0.996008884
1341846250.27788 0.18326466 -0.0301642775 0.0106751986 0.0856683111 -0.0194521952 -0.0120674896 0.996060705
1341846250.31018 0.18101595 -0.0308011509 0.00904584488 0.085023383 -0.0190008495 -0.012740691 0.996116292
1341846250.34616 0.179852732 -0.0330794638 0.0109888546 0.0848525824 -0.0191696967 -0.0128015965 0.99612684
1341846250.37796 0.179924591 -0.0339044656 0.00982841822 0.0853008619 -0.0191723226 -0.012688095 0.996089954
1341846250.4103 0.178196739 -0.0368975122 0.0117001868 0.0855382595 -0.0191661074 -0.0124313674 0.996072953
1341846250.44604 0.17960551 -0.0318615507 0.0147612622 0.0874591767 -0.0194213594 -0.0131004678 0.995892605
1341846250.47814 0.175683354 -0.0290359069 0.0162690801 0.0871948828 -0.0192643498 -0.0128821181 0.995921678
1341846250.51017 0.171339965 -0.0318390713 0.0171879276 0.0866915752 -0.0207914738 -0.0109284276 0.99595826
1341846250.54613 0.179047337 -0.0334093102 0.0159557317 0.0868157175 -0.0227219783 -0.0111486187 0.995902832
1341846250.57801 0.18122187 -0.0271358507 0.0172539912 0.0863092468 -0.0219771336 -0.0119967665 0.995953712
1341846250.61385 0.181625257 -0.0341132219 0.0167220808 0.0842533393 -0.0221201063 -0.0107886446 0.996140392
1341846250.64612 0.180103809 -0.0350534299 0.018737446 0.0845514962 -0.0221640502 -0.00833601429 0.996137696
1341846250.67785 0.184979412 -0.027611955 0.0191381826 0.0852327886 -0.022642669 -0.00678078108 0.996080671
1341846250.71396 0.184616474 -0.0271561449 0.0187550075 0.083667143 -0.0215254089 -0.00611132527 0.996242499
1341846250.74591 0.179054184 -0.0320741133 0.0166048531 0.0818994639 -0.0205348676 -0.00430049152 0.996419742
1341846250.77789 0.179655721 -0.032477831 0.0109154485 0.0811150453 -0.0224272003 -0.00187318427 0.996450632
1341846250.81403 0.185458034 -0.0234818051 0.0168675333 0.0818232169 -0.0239282962 -0.00149348624 0.996358453
1341846250.84606 0.184973919 -0.0248115747 0.0175860839 0.0802161659 -0.0235937415 -0.00287004628 0.996494087
1341846250.88185 0.182066611 -0.0378294318 0.0172025656 0.0788097407 -0.0235179265 -0.00219851293 0.996609803
1341846250.91384 0.18452109 -0.0339875024 0.017661271 0.0814671113 -0.02380125 -0.00193478379 0.996389917
1341846250.9466 0.185254537 -0.0333884626 0.0172580072 0.0821835629 -0.0232191188 -0.00208950911 0.996344503
1341846250.98181 0.185089831 -0.0326554261 0.0155246505 0.083132051 -0.0231949285 -0.00274196422 0.996264794
1341846251.01409 0.183184203 -0.0316921492 0.0134024821 0.0832781203 -0.0242830473 -0.00369314169 0.996223594
1341846251.04632 0.188416173 -0.0399146616 0.0124233162 0.0828515816 -0.0255990189 -0.00458724096 0.996222497
1341846251.08196 0.187814633 -0.0421905737 0.0161921731 0.0843848106 -0.0251366 -0.00528984701 0.996102089
1341846251.11407 0.188097724 -0.0414106954 0.0150776931 0.0861920492 -0.024547973 -0.00578500276 0.995959267
1341846251.14993 0.187753575 -0.0395149164 0.0107853782 0.0876772571 -0.0239899356 -0.00685320828 0.99583644
1341846251.182 0.188083408 -0.0414267746 0.0145731555 0.088185754 -0.0230169523 -0.00763853397 0.99580879
1341846251.21421 0.186903473 -0.0395825492 0.0123061848 0.0895485995 -0.0232177891 -0.00746447848 0.995683817
1341846251.24999 0.178592107 -0.0354075841 0.0133064192 0.0903589772 -0.0241770096 -0.00699958201 0.995591148
1341846251.28232 0.183170548 -0.0380374317 0.0140280178 0.0907565785 -0.0262487885 -0.00675199545 0.995504222
1341846251.31804 0.176946706 -0.0299220439 0.0109124356 0.0911997008 -0.0264050007 -0.0076346656 0.995453215
1341846251.35003 0.175706039 -0.0285574215 0.0100337532 0.0892891049 -0.0286778629 -0.00753958628 0.995564257
1341846251.38201 0.178566587 -0.0374435931 0.0113320881 0.0884693012 -0.0311177144 -0.00725086399 0.995566319
1341846251.41802 0.177975011 -0.0272317477 0.00990351201 0.0896864569 -0.031700985 -0.00843247908 0.995429696
1341846251.44988 0.174238228 -0.0224927633 0.00846865107 0.0873434665 -0.0318681279 -0.0101813269 0.995616333
1341846251.48188 0.171723185 -0.0206066668 0.0100851291 0.0856708602 -0.0334669083 -0.00976620696 0.995713358
1341846251.51788 0.171474348 -0.0225483532 0.0102354612 0.0839626878 -0.0349708038 -0.00897139687 0.995814653
1341846251.54991 0.174180784 -0.0224861117 0.0117694071 0.0821055855 -0.0355069015 -0.00959449422 0.995944717
1341846251.58608 0.174876705 -0.0287954153 0.0137529782 0.0808595675 -0.035594472 -0.00850280673 0.996053445
1341846251.61825 0.176844987 -0.0292671812 0.0116993827 0.0814497669 -0.0365956852 -0.00665137109 0.995983158
1341846251.64992 0.183583805 -0.0306648431 0.0135297586 0.0819339997 -0.0367640388 -0.00642203431 0.995938744
1341846251.68604 0.18298029 -0.0262482184 0.0152925991 0.0830985757 -0.0343259848 -0.00816153866 0.995916534
1341846251.71811 0.178974463 -0.0264277965 0.0145211446 0.083158273 -0.0328623048 -0.00898649719 0.995953821
1341846251.74991 0.174766774 -0.0297383448 0.0129949318 0.0830972898 -0.0327844914 -0.00855840064 0.995965246
