1341846226.81793 -0 -0 -0 0 0 0 1
1341846227.08599 0.00540940256 -0.00158344821 0.00306226665 0.0033483114 -0.00451016433 -0.00496682049 0.999971889
1341846227.41802 0.00123153005 0.00100355057 -0.00412237573 0.00409720411 -0.0152889459 -0.0169673026 0.99973075
1341846229.39806 0.0493651282 -0.0330397318 0.00332946576 0.00742004294 -0.00509021634 -0.0108283918 0.999900884
1341846230.00207 0.0437806572 -0.0194028082 -0.00732840745 0.0158906953 0.00463720575 -0.00441361719 0.99985324
1341846230.53784 0.0517765695 -0.0263431355 -0.00518642054 0.0211244512 0.00899721115 -0.00323904896 0.999731122
1341846230.67007 0.0541820484 -0.0252689462 -0.010583433 0.0250386614 0.0064683538 -0.00365120622 0.999658889
1341846231.10609 0.0517205794 -0.0439088429 -0.00765499623 0.0284296172 0.0015752419 -0.00388983415 0.999586987
1341846231.13809 0.0568542811 -0.0430322615 -0.00966991503 0.0296754015 0.000315238166 -0.00333032799 0.999553991
1341846231.3059 0.0589756108 -0.0390241113 -0.00877800685 0.0337270506 -0.000840365572 -0.00403208089 0.999422594
1341846238.88193 0.0753158062 -0.0562694113 0.00940521693 0.0485637574 -0.0133770492 -0.0162936158 0.998597584
1341846239.89182 0.0756030662 -0.0559914448 0.00770292684 0.0473479551 -0.0136073489 -0.0137361469 0.998691308
1341846239.90682 0.0752628487 -0.0562564932 0.00861469679 0.0463334708 -0.0133965125 -0.0145880997 0.998729658
1341846240.95809 0.0540881183 -0.0617084643 0.0219442424 0.0572047528 -0.0167401192 -0.0231871454 0.997952775
1341846241.06247 0.0904865814 -0.0509697407 0.000565746134 0.060316544 -0.0214463721 -0.0199752278 0.997748945
1341846241.09438 0.10510378 -0.0466250866 -0.0109768269 0.0598057206 -0.0236859415 -0.0202031099 0.997724454
1341846241.23014 0.161782062 -0.0349604274 -0.0352948286 0.0615061998 -0.0321291518 -0.0212408591 0.997363289
1341846241.52994 0.165404008 -0.039544776 -0.0303009156 0.061099919 -0.0319479472 -0.0244092269 0.997321572
1341846241.92992 0.16518919 -0.0397981254 -0.0299207283 0.0626660446 -0.0316733988 -0.0251579926 0.99721454
1341846242.03403 0.165150841 -0.0396552482 -0.0302028605 0.0624078992 -0.0317360825 -0.0246035651 0.997242568
1341846245.97307 0.164076009 -0.0419306649 -0.0254250301 0.0785809544 -0.014645607 -0.0218518249 0.996560604
1341846246.99395 0.164419254 -0.0415948729 -0.0265083357 0.0765680562 -0.0131109883 -0.0229069712 0.996714957
1341846247.99807 0.159791123 -0.0562863885 0.000854457758 0.0893214268 -0.01859776 -0.0111664846 0.995766597
1341846249.00197 0.162724847 -0.056624635 0.00878175898 0.0942849857 -0.0121345446 -0.0246400623 0.995166298
1341846250.01041 0.172821693 -0.0401814287 0.00864628179 0.0856708232 -0.0298157918 -0.00454272922 0.995866905
1341846250.17783 0.186803809 -0.0398909314 0.0121194373 0.0856361009 -0.027777228 -0.00563153692 0.995923275
1341846251.182 0.186841851 -0.0398903186 0.0120828188 0.0884131451 -0.0227023193 -0.00761674633 0.995796016
1341846251.21421 0.186832797 -0.0397213866 0.0123478642 0.0894974307 -0.0231712718 -0.00750140442 0.995689224
