0.0331714
0.0333774
0.0335688
0.0338059
0.0338223
0.0339365
0.0339553
0.034015
0.0341602
0.0341621
0.0341692
0.0342571
0.0342877
0.034315
0.0343217
0.0343266
0.034351
0.0343748
0.0344103
0.0344118
0.0345493
0.0345615
0.0345685
0.0345811
0.0345822
0.0345831
0.0345853
0.0345894
0.0345976
0.0345978
0.0346212
0.0346482
0.034661
0.0346617
0.0346748
0.0346818
0.0346842
0.03471
0.0347184
0.0347247
0.034744
0.0347591
0.0347783
0.034797
0.0348125
0.0348205
0.0348362
0.0348454
0.034854
0.0348566
0.0348584
0.0348596
0.0348675
0.0349127
0.034923
0.0349324
0.0349374
0.0349383
0.0349446
0.0349676
0.0349699
0.0349772
0.0349854
0.0349858
0.0349929
0.0350201
0.0350239
0.0350566
0.0350613
0.0350672
0.0350715
0.0350991
0.0351009
0.0351104
0.0351138
0.0351161
0.0351264
0.0351332
0.0351342
0.035141
0.0351448
0.0351486
0.0351542
0.0351563
0.0351629
0.0351714
0.0351878
0.0351972
0.0352006
0.0352137
0.035239
0.0352903
0.0352916
0.0353095
0.0353147
0.0353189
0.0353221
0.0353293
0.0353436
0.0353471
0.0353601
0.0353682
0.0353702
0.035372
0.0353786
0.0353882
0.0353918
0.0353968
0.0354082
0.0354117
0.0354146
0.0354299
0.035435
0.0354355
0.0354443
0.0354446
0.0354453
0.0354492
0.0354537
0.0354571
0.0354597
0.0354668
0.0354714
0.035494
0.0354979
0.0355019
0.0355245
0.0355273
0.0355276
0.0355478
0.0355819
0.0355865
0.0355905
0.0355996
0.0356033
0.0356151
0.0356234
0.0356507
0.0356531
0.0356954
0.0357043
0.035707
0.0357397
0.0357751
0.0357755
0.0357762
0.0357832
0.0357897
0.0358093
0.035811
0.0358279
0.0358332
0.035834
0.0358773
0.0358794
0.0358919
0.0359039
0.035904
0.0359059
0.0359853
0.0360285
0.0360312
0.0360354
0.0360382
0.0360395
0.0360519
0.0360543
0.0360611
0.0360681
0.0360792
0.036083
0.0360944
0.036095
0.0361204
0.0361249
0.0361275
0.036135
0.0361507
0.0361565
0.0361674
0.0361699
0.0361803
0.0361808
0.0361821
0.0361824
0.0361838
0.0361916
0.0361948
0.0362132
0.0362146
0.0362244
0.0362572
0.0362598
0.0362645
0.0362703
0.0362754
0.0362903
0.0362926
0.0363057
0.0363062
0.0363158
0.0363166
0.0363171
0.0363206
0.0363222
0.0363315
0.0363463
0.0363569
0.0363607
0.036372
0.0363737
0.0363822
0.0363831
0.0363839
0.0363852
0.0363875
0.0363882
0.0363916
0.0363942
0.0364024
0.0364206
0.0364263
0.0364286
0.0364329
0.0364406
0.0364528
0.0364644
0.036469
0.0364783
0.0364833
0.03649
0.0364933
0.0365011
0.0365204
0.0365242
0.0365285
0.0365307
0.0365365
0.036559
0.0365646
0.0365685
0.0365782
0.0365808
0.0365815
0.0365904
0.036594
0.0366075
0.036626
0.0366602
0.0366792
0.0366845
0.0366895
0.0366913
0.0366976
0.0367156
0.0367322
0.0367415
0.0367442
0.0367482
0.0367565
0.0367632
0.0367684
0.0367748
0.0367793
0.0367894
0.036792
0.0368
0.0368006
0.0368294
0.0368296
0.0368355
0.0368393
0.036853
0.0368569
0.0368605
0.0368606
0.036861
0.0368655
0.0368672
0.0368681
0.0368937
0.0368939
0.0368968
0.0368977
0.0369098
0.0369141
0.0369245
0.0369323
0.0369329
0.0369374
0.0369381
0.0369388
0.0369466
0.0369738
0.0369832
0.0369843
0.0369869
0.0369972
0.0370031
0.037004
0.0370126
0.0370133
0.0370143
0.0370166
0.0370193
0.0370204
0.0370298
0.0370307
0.0370379
0.0370532
0.0370655
0.0370766
0.0370801
0.0370829
0.0370838
0.0370915
0.0370939
0.0371087
0.0371148
0.0371195
0.0371195
0.0371214
0.0371217
0.0371331
0.0371333
0.0371351
0.0371353
0.0371388
0.0371444
0.0371455
0.0371476
0.0371543
0.0371569
0.0371576
0.0371592
0.037161
0.0371671
0.0371891
0.0371996
0.0372024
0.0372054
0.0372113
0.0372154
0.037218
0.0372221
0.0372226
0.0372428
0.0372445
0.0372508
0.0372553
0.0372609
0.0372823
0.0372824
0.037307
0.0373105
0.0373129
0.0373176
0.0373192
0.0373272
0.0373413
0.0373421
0.0373457
0.0373458
0.0373477
0.0373482
0.0373694
0.0373696
0.03737
0.0373755
0.0373913
0.0373916
0.0374006
0.0374038
0.0374171
0.0374456
0.0374492
0.037453
0.0374622
0.0374653
0.0374678
0.0374891
0.0375047
0.0375058
0.037506
0.0375139
0.0375141
0.0375386
0.0375608
0.0375655
0.0375668
0.0375798
0.0375811
0.0375909
0.0376082
0.0376102
0.0376138
0.0376192
0.0376208
0.0376256
0.0376279
0.0376312
0.0376483
0.0376581
0.0376756
0.037687
0.037694
0.037695
0.0376951
0.0377009
0.0377025
0.0377089
0.0377121
0.0377141
0.0377183
0.0377258
0.0377279
0.0377555
0.0377603
0.0377693
0.0377704
0.0377773
0.0377947
0.037845
0.0378632
0.0378745
0.0378753
0.0378888
0.0378896
0.0378928
0.0378985
0.037915
0.0379203
0.0379237
0.0379405
0.0379508
0.0379567
0.0379783
0.0380022
0.0380103
0.0380141
0.0380182
0.0380311
0.0380433
0.038054
0.0380581
0.0380811
0.0381109
0.0381287
0.0381398
0.038148
0.0381671
0.038171
0.0382043
0.038238
0.038318
0.0383189
0.0383213
0.0383301
0.0383309
0.0383458
0.0383488
0.0383932
0.0383951
0.038419
0.038422
0.0384376
0.0385051
0.0385252
0.0385257
0.038526
0.0385291
0.0385464
0.0385523
0.0385534
0.03856
0.0385638
0.0385647
0.0385845
0.0385868
0.0386039
0.0386076
0.0386178
0.0386238
0.0386253
0.0386405
0.0386533
0.0386658
0.038666
0.0386771
0.0386819
0.0386941
0.0386948
0.038709
0.0387142
0.0387297
0.0387354
0.0387415
0.0387454
0.038755
0.0387608
0.0387646
0.038781
0.0388132
0.038817
0.0388175
0.0388522
0.0388558
0.0388618
0.0388833
0.0388861
0.0389001
0.0389118
0.0389156
0.0389243
0.0389251
0.0389317
0.038932
0.0389379
0.0389627
0.0389849
0.0389861
0.0390008
0.0390037
0.0390237
0.0390293
0.039045
0.0390452
0.0390786
0.0390911
0.0391123
0.0391338
0.0391374
0.0391386
0.0391482
0.039154
0.0391556
0.0391632
0.0391764
0.0391935
0.0391944
0.0392129
0.0392251
0.0392335
0.0392369
0.0392384
0.0392549
0.0393065
0.0393137
0.0393198
0.0393512
0.0393996
0.0394049
0.0394078
0.039416
0.0394166
0.039461
0.0395167
0.0395327
0.0395338
0.0395515
0.0395534
0.039555
0.0395581
0.0395774
0.0396079
0.0396183
0.0396424
0.0396502
0.0396808
0.0396898
0.0397225
0.0397376
0.0397386
0.0397396
0.0397484
0.0397484
0.0397521
0.0397523
0.039761
0.0397653
0.039771
0.0397787
0.0397865
0.0397881
0.0397905
0.0397939
0.0398166
0.0398215
0.0398644
0.0398679
0.039934
0.0399416
0.0399611
0.0399823
0.0399851
0.0399856
0.0399967
0.0399977
0.0400023
0.0400053
0.0400107
0.0400285
0.0400454
0.0400602
0.0400792
0.0400836
0.0401022
0.0401101
0.0401112
0.0401206
0.0401207
0.0401444
0.0401937
0.0401984
0.0402123
0.0402361
0.0402586
0.040271
0.040305
0.0403429
0.0403593
0.040361
0.0403625
0.0403656
0.0403663
0.040416
0.0404235
0.0404239
0.0404255
0.0404381
0.0404738
0.040474
0.0404921
0.040524
0.0405328
0.0405531
0.040555
0.0405623
0.0406289
0.0406707
0.0406906
0.0407184
0.0407188
0.0407342
0.0407632
0.0407727
0.0407832
0.0408081
0.0408104
0.0408285
0.0408735
0.0409113
0.0409137
0.0409872
0.0410342
0.0410411
0.0410448
0.0410529
0.0410719
0.0410948
0.0411086
0.0411422
0.0411527
0.0411764
0.0411884
0.0411999
0.0412216
0.0412319
0.0412696
0.041307
0.0413172
0.041378
0.041386
0.0414288
0.0414519
0.0414521
0.0414559
0.0414787
0.0415266
0.0415958
0.0416161
0.0416268
0.0416441
0.0416525
0.0417151
0.0417186
0.0417277
0.0417348
0.0417663
0.0417851
0.0417999
0.0418265
0.0418492
0.041853
0.0418539
0.0418988
0.0420686
0.0420692
0.0421109
0.042121
0.0421589
0.0421719
0.0422178
0.0422564
0.0422889
0.042301
0.042315
0.0423696
0.042439
0.0424755
0.0424845
0.0425335
0.0425453
0.0425861
0.0426171
0.0426246
0.0426308
0.0427759
0.0427802
0.0429532
0.0429978
0.0430425
0.0432179
0.0432493
0.0432713
0.0438465
0.0440225
0.0446312
0.0449568
0.0452105
0.0455356
0.0456769
0.046861
0.0471853
0.0480715
0.049127
0.051647
0.0565482
0.0614813
0.0674447
0.0745453
0.118675
0.332394
